english_channel/non_stat/bathymetry.bot
ncols        1078
nrows        432
xllcorner    -2.700000000000
yllcorner    49.100000000000
cellsize     0.004166666667
NODATA_value -32767
[rows 378 to 419 of 432, columns 665 to 759 of 1078]
15 17 16 15 14 10 4 2 2 2 1 2 4 8 14 31 51 63 76 93 118 138 131 106 85 72 58 44 43 49 51 55 68 85 95 98 115 134 141 145 142 144 145 129 109 116 129 138 142 144 143 140 140 139 138 137 136 135 133 133 133 131 131 133 133 133 134 136 138 136 136 135 136 136 135 133 132 133 133 131 127 125 110 87 110 123 125 122 117 116 114 123 125 124 120
19 20 20 20 20 20 17 9 3 2 1 1 2 4 8 17 29 43 64 87 107 120 117 88 61 43 38 48 57 58 58 62 65 71 78 93 115 137 146 144 139 124 115 110 89 89 107 131 141 142 140 140 141 142 141 142 141 139 137 136 135 134 135 135 135 134 134 135 138 139 137 136 138 139 137 135 135 134 131 129 128 120 96 97 120 126 127 125 122 117 115 124 125 123 120
23 24 24 23 26 29 21 12 10 4 1 1 1 2 4 6 10 17 26 38 53 64 68 62 47 34 45 66 81 89 95 101 108 117 114 118 121 131 131 113 118 123 102 80 69 88 119 130 132 127 116 121 130 133 136 140 140 141 140 139 137 139 140 138 137 135 136 138 139 139 139 140 139 139 138 138 136 133 132 129 115 93 95 119 128 129 130 127 124 119 120 126 128 126 123
32 35 34 32 33 29 22 18 22 18 8 3 2 2 2 2 4 6 10 14 18 23 26 27 27 30 44 63 81 97 117 139 150 156 156 152 143 125 104 88 77 74 80 75 62 78 100 98 106 100 83 84 100 117 127 131 136 141 142 142 142 143 141 140 139 138 139 139 140 139 141 141 140 139 140 139 138 135 129 115 108 108 107 124 130 133 132 129 125 120 124 128 129 127 122
42 45 50 49 44 38 31 32 35 33 27 16 5 2 2 2 3 4 6 7 8 10 13 16 19 26 35 44 53 61 72 86 104 124 122 118 113 103 92 81 67 52 44 43 44 55 62 62 66 66 60 62 80 92 105 125 133 135 138 141 144 145 145 143 140 141 141 140 142 141 140 139 140 142 140 137 134 129 119 115 124 122 117 126 129 131 131 130 127 123 127 130 129 126 125
57 61 62 58 51 44 41 39 36 31 25 19 13 6 3 2 3 3 4 4 4 4 7 11 15 19 23 29 36 42 48 53 57 60 57 60 57 50 44 39 33 27 26 27 29 31 33 33 32 32 35 47 70 93 114 124 118 120 126 132 138 143 146 146 146 145 142 142 142 141 141 140 140 141 139 137 132 122 120 128 130 123 121 129 131 132 132 130 126 126 130 132 130 126 126
69 67 63 59 54 47 39 31 25 23 20 16 13 10 7 4 3 2 3 3 4 4 4 6 10 14 17 20 24 29 32 30 26 24 24 25 24 23 23 24 28 30 33 41 47 50 45 43 45 43 40 39 49 71 99 97 84 100 119 127 133 139 144 147 146 146 146 145 145 145 143 143 143 140 136 133 130 128 123 131 133 128 124 127 133 135 135 133 131 132 134 134 132 130 130
69 64 57 50 41 37 36 35 31 25 21 18 13 10 8 7 7 5 3 3 3 4 4 5 6 7 9 13 16 16 16 15 16 23 31 34 34 36 39 47 54 53 49 57 76 77 67 75 77 66 56 51 43 44 59 64 73 91 107 122 132 137 137 138 141 143 146 148 147 145 143 143 140 138 137 136 136 134 129 132 135 133 131 132 135 138 138 138 137 138 139 139 138 136 135
62 53 45 43 46 45 41 36 31 27 22 18 19 20 17 16 18 19 15 6 4 5 5 5 6 7 7 9 12 12 15 21 31 45 56 58 55 55 62 77 91 86 72 72 99 98 90 106 95 78 75 63 49 42 41 52 77 103 118 124 129 120 120 128 133 137 142 144 146 145 142 142 143 143 142 140 139 137 135 136 138 139 139 139 139 142 143 144 143 143 144 144 142 140 140
55 49 53 57 52 44 39 37 37 31 26 24 28 32 30 31 33 31 25 18 15 11 11 8 9 10 11 11 10 11 12 14 23 37 49 55 53 57 72 96 120 116 95 85 104 120 123 120 99 85 70 64 73 73 57 45 49 61 73 91 103 90 93 110 115 124 131 139 141 137 135 138 142 144 145 144 142 142 144 143 142 144 145 145 146 147 148 149 149 149 150 147 145 145 145
70 66 76 88 88 80 68 56 51 56 48 36 38 42 44 49 48 42 34 27 23 25 31 34 38 34 24 16 11 10 11 11 12 19 30 37 45 57 68 80 102 127 120 99 113 141 143 123 96 79 84 92 93 80 69 65 54 47 46 51 57 63 77 85 93 99 118 131 126 115 122 133 139 141 144 147 148 148 149 148 147 149 150 151 151 152 154 155 154 154 154 152 152 152 152
82 94 93 100 109 117 111 86 83 80 57 46 53 58 62 60 55 56 59 54 50 47 40 44 49 40 25 17 16 12 10 11 12 14 26 41 46 48 54 62 85 124 136 115 126 148 148 128 102 99 115 112 97 97 87 72 72 73 68 57 50 49 50 54 59 65 82 96 91 98 112 127 135 140 144 149 152 153 152 150 151 152 154 155 155 155 157 159 159 158 158 159 160 159 157
101 104 107 115 116 119 123 121 119 96 65 65 83 95 94 96 101 107 109 103 99 96 85 64 46 30 24 26 24 15 11 11 12 13 18 29 35 40 44 51 71 108 140 142 144 153 147 127 121 125 136 127 116 99 88 96 102 95 80 64 70 76 67 62 57 54 56 62 78 101 122 129 130 137 144 149 152 153 153 155 156 157 158 158 159 159 159 161 163 163 165 167 167 166 163
115 108 115 120 124 126 129 129 124 107 96 106 117 119 119 120 120 120 120 119 118 110 85 60 41 35 51 71 70 61 45 27 20 16 16 27 50 72 78 70 66 81 106 129 148 160 154 138 142 153 155 145 126 116 119 118 95 78 66 68 91 110 106 88 76 79 70 61 61 73 86 96 112 126 136 142 147 147 147 149 153 158 161 162 164 164 163 166 168 169 171 174 173 170 167
121 117 124 123 127 132 133 131 127 121 123 124 123 123 123 122 122 121 120 116 105 85 62 45 41 53 77 110 119 121 104 64 42 26 18 30 54 77 93 97 91 90 107 130 135 125 119 102 115 132 143 147 149 147 132 110 93 78 72 88 115 121 101 89 94 103 95 87 71 59 64 83 95 97 103 108 113 114 116 118 122 134 146 149 152 158 158 160 160 162 170 176 178 177 175
126 125 129 130 131 135 135 133 130 128 124 118 115 115 118 120 118 114 115 112 93 63 46 47 69 97 111 117 120 123 107 64 40 23 17 28 57 91 108 112 114 104 95 90 85 80 77 82 91 99 100 109 119 125 123 113 97 85 80 95 124 124 110 110 118 124 108 94 89 75 61 61 72 84 84 80 78 82 87 93 95 95 99 102 108 114 115 117 121 134 152 161 169 170 172
136 135 137 137 138 139 137 133 131 128 127 126 121 111 103 114 118 112 100 95 84 57 45 57 89 112 116 117 117 112 89 56 35 20 17 24 39 56 78 96 103 107 89 66 65 66 69 76 86 86 78 77 78 83 91 97 96 93 94 104 124 138 138 144 140 123 117 113 96 76 66 60 61 68 73 80 87 100 119 130 129 125 122 120 118 117 122 125 129 129 131 143 162 164 165
144 143 142 141 142 140 136 134 133 132 130 125 116 107 92 92 105 102 88 68 53 47 60 84 94 97 109 115 116 116 111 81 47 28 19 23 32 41 42 41 50 62 83 105 102 91 88 88 84 73 66 71 79 83 86 90 91 95 104 126 148 158 158 155 142 129 121 105 83 73 75 69 62 71 92 113 126 139 147 151 152 153 153 152 149 148 150 152 153 151 150 154 159 163 163
147 147 145 144 140 138 136 134 128 122 119 118 110 97 85 72 68 64 60 61 62 57 68 98 112 114 114 117 120 122 121 112 76 38 20 25 47 73 81 66 53 48 63 84 90 98 105 96 72 63 72 80 97 110 115 113 111 115 119 126 134 137 128 122 116 111 107 103 101 101 106 91 69 71 103 134 140 144 148 152 155 157 158 157 158 159 158 159 159 159 159 160 162 164 165
149 149 146 143 142 139 134 130 126 120 108 100 95 84 76 75 77 71 74 88 80 65 75 105 117 122 123 124 129 130 129 126 108 55 22 23 41 72 110 117 103 79 62 59 55 60 67 69 65 63 67 80 96 114 123 127 130 134 137 139 143 145 145 147 147 146 144 141 136 120 108 103 85 72 74 92 124 143 148 150 151 148 142 142 147 151 154 155 157 159 161 160 160 161 161
151 149 146 146 143 139 135 129 120 115 119 117 109 100 99 104 105 93 89 95 78 74 95 112 122 126 129 133 129 108 89 75 63 36 20 21 38 64 104 124 120 106 107 105 84 98 116 117 106 102 87 77 76 96 125 140 139 138 139 141 144 146 149 152 154 150 143 140 137 135 136 136 119 92 82 76 89 119 133 140 139 123 126 134 139 140 140 146 155 156 157 157 157 158 159
153 150 149 149 147 144 139 132 125 126 127 119 114 113 117 119 114 102 104 96 90 90 108 118 124 129 134 135 116 81 53 40 33 23 21 22 30 53 85 115 120 117 119 121 108 118 127 126 125 128 122 110 88 77 100 129 141 142 144 147 149 150 151 153 154 151 148 146 146 147 145 141 131 110 96 87 76 78 87 99 112 128 146 153 156 157 155 151 151 152 154 156 158 160 161
154 154 153 153 148 144 138 133 134 131 125 122 123 126 126 120 111 112 112 102 110 105 105 118 127 132 138 137 109 68 49 45 38 28 24 23 29 46 68 94 112 117 120 122 118 120 129 130 131 132 133 128 114 91 90 116 136 142 144 147 149 151 152 153 153 153 152 153 154 153 150 144 134 120 126 122 100 80 83 103 124 140 148 152 155 159 161 161 160 159 158 160 162 164 164
152 146 147 150 147 145 143 141 139 137 134 131 131 131 128 123 119 119 112 108 117 118 111 115 127 132 138 132 98 69 60 56 44 36 26 22 27 40 53 63 73 81 93 113 127 129 128 131 134 136 137 136 128 116 105 93 105 119 131 143 148 149 150 151 153 154 154 154 154 153 151 144 131 135 140 136 117 89 92 132 141 136 141 148 152 155 158 162 163 163 163 163 163 165 166
145 136 135 142 141 143 145 145 143 142 139 137 137 135 133 129 126 124 121 117 121 124 121 123 128 134 139 140 129 113 109 87 76 68 40 24 27 44 68 96 114 114 93 101 123 130 133 135 138 139 140 140 136 134 128 107 107 115 117 131 142 147 148 150 152 154 155 153 150 149 148 143 140 146 147 144 135 108 89 94 117 144 147 148 149 152 154 155 157 161 164 165 166 167 167
140 131 129 132 132 139 144 147 147 144 143 142 141 139 136 134 132 130 129 127 127 130 129 131 131 133 137 141 145 145 142 130 116 85 42 26 30 49 80 117 130 126 117 120 120 130 136 140 143 144 145 144 142 139 133 117 124 142 138 129 133 144 147 150 153 155 155 153 152 151 147 147 150 150 147 140 128 113 100 89 104 135 146 151 153 155 157 158 157 158 160 162 164 166 166
131 120 116 120 130 134 138 142 146 148 148 146 144 143 141 139 138 137 135 134 135 137 136 136 137 138 140 142 141 138 130 115 95 70 43 28 34 57 94 128 133 130 125 130 131 132 138 143 146 148 148 145 142 137 133 128 130 136 142 143 137 140 146 149 153 155 156 155 154 152 151 153 153 149 142 134 128 138 128 103 94 105 126 146 152 155 158 160 161 161 162 164 165 166 165
114 102 103 101 108 118 130 138 143 147 149 150 148 146 144 145 144 142 140 141 142 142 141 139 137 135 137 133 130 128 129 128 112 80 47 28 35 58 93 123 134 136 137 139 140 142 143 145 149 151 150 147 144 141 136 133 138 138 138 142 144 143 141 143 150 155 155 156 156 155 155 154 151 147 144 137 140 146 143 129 103 113 129 144 153 154 156 158 160 161 162 163 163 164 163
96 83 85 92 104 116 125 133 140 144 147 149 150 151 149 147 143 141 142 143 141 138 135 133 127 119 119 117 107 102 100 111 111 83 48 29 34 58 90 115 126 135 142 145 148 150 149 149 151 151 150 148 146 146 143 138 139 142 142 143 145 147 147 145 146 149 150 152 153 155 156 155 152 146 141 141 146 148 141 132 115 115 140 143 142 146 151 154 154 156 157 158 159 159 159
73 87 107 114 121 126 129 128 129 133 135 141 148 147 141 139 138 134 129 130 128 120 114 117 120 115 98 91 90 73 62 65 63 51 35 28 34 56 76 89 107 131 143 148 152 155 156 155 154 153 152 152 153 152 148 145 145 147 148 148 147 148 148 147 147 149 151 154 155 154 155 154 149 143 146 148 150 149 141 141 132 112 109 122 127 131 134 141 148 153 157 159 161 162 163
72 89 93 94 98 102 107 115 126 133 140 144 148 146 137 129 123 120 114 103 96 90 83 80 81 84 83 70 59 52 50 55 58 47 34 30 40 76 106 122 131 137 142 144 147 151 155 155 155 157 158 158 155 153 150 148 150 150 150 149 149 149 150 150 150 151 153 154 156 155 156 154 150 148 149 151 152 153 149 144 144 138 129 118 110 119 130 127 128 130 139 148 155 157 158
75 81 98 106 102 99 111 118 120 126 137 145 150 149 142 137 132 127 120 113 112 118 119 114 104 86 64 56 60 71 92 102 85 49 33 30 44 88 119 124 120 122 125 134 143 145 144 141 147 153 158 159 158 157 155 153 154 154 154 153 153 154 155 155 155 156 157 156 157 157 157 155 155 154 154 154 152 154 154 149 149 148 146 139 123 129 148 154 157 153 148 151 149 151 153
105 91 100 113 121 120 121 128 135 141 145 149 152 150 144 139 135 133 131 132 132 126 119 116 97 69 64 88 115 121 122 112 79 46 32 32 52 91 103 91 92 108 128 140 137 127 121 127 142 149 151 155 160 161 159 159 161 160 160 159 159 160 161 160 160 161 160 160 160 159 159 158 156 157 157 155 154 155 156 153 154 155 153 149 143 132 126 143 158 157 158 160 161 162 163
121 120 120 124 129 135 136 134 137 142 148 151 153 150 142 134 127 122 117 111 101 90 85 80 70 69 94 116 129 130 129 118 79 44 32 35 50 66 76 95 116 132 135 127 108 102 116 129 130 134 144 151 154 158 161 162 160 158 159 161 161 162 162 163 163 164 164 165 164 164 163 161 159 159 159 157 157 158 157 154 154 156 157 156 151 148 138 132 154 159 160 161 163 166 167
132 136 137 136 134 132 121 123 131 134 141 148 152 151 147 143 139 133 122 108 110 119 116 96 73 86 116 127 129 126 116 97 70 42 33 35 40 48 67 90 109 114 102 88 83 105 114 105 113 132 141 144 146 152 152 148 143 143 149 145 148 152 152 152 155 160 164 165 165 167 167 167 166 165 164 162 161 160 159 158 157 158 159 158 154 150 144 133 139 156 161 162 163 165 167
121 129 127 116 113 107 103 112 120 129 142 150 154 155 153 147 135 125 126 127 125 132 120 89 83 95 117 128 129 123 113 84 62 47 35 34 41 50 54 54 60 66 67 74 80 85 93 104 114 124 136 145 151 151 141 124 117 130 130 122 138 137 137 140 148 152 154 155 159 161 162 164 168 169 168 167 166 164 163 161 162 161 161 159 156 152 151 145 137 149 160 161 163 165 168
104 103 93 87 89 101 121 136 141 141 143 152 157 158 152 141 139 140 141 133 135 128 104 90 109 116 119 129 133 131 125 98 90 73 44 36 46 75 101 90 68 55 59 84 106 118 125 128 112 107 105 113 127 130 127 112 96 97 92 93 112 116 117 133 143 146 147 153 153 153 157 159 161 162 164 167 168 167 167 167 165 164 163 163 159 157 155 154 145 139 152 162 164 167 170
80 83 90 115 126 110 125 144 152 154 156 159 161 160 154 149 151 149 143 137 130 109 94 113 130 132 135 139 140 136 126 115 115 92 56 38 43 68 113 130 120 88 71 64 65 73 84 89 77 65 64 74 80 81 81 80 78 83 91 94 92 91 96 112 117 131 145 152 153 152 151 152 155 159 161 162 162 165 167 167 167 167 167 166 165 164 163 162 158 149 144 156 163 165 167
126 129 124 140 145 126 125 145 157 165 168 166 167 167 163 160 156 150 144 132 114 100 104 124 137 142 145 147 146 138 131 130 123 95 58 38 40 61 103 129 131 120 114 102 91 79 69 69 72 77 75 91 108 117 118 117 124 128 137 134 133 122 107 98 97 111 132 139 139 149 152 153 154 156 159 162 164 164 164 164 166 167 168 168 168 167 167 166 162 157 153 147 147 154 163
123 135 141 148 154 142 128 124 131 147 162 166 170 172 167 159 147 135 126 115 104 114 130 128 139 149 152 152 149 145 139 130 115 96 66 42 40 59 100 130 135 134 134 133 133 120 108 115 114 111 99 98 119 144 147 144 145 144 144 145 145 141 133 127 120 115 108 106 114 123 131 143 151 154 157 158 158 159 162 165 168 168 168 169 169 169 168 165 163 163 160 154 154 157 157
99 110 126 142 153 152 146 134 128 137 150 155 163 169 163 150 145 143 132 121 119 125 139 142 141 150 155 154 150 144 137 125 107 93 74 51 42 58 101 127 129 133 137 139 141 136 132 138 136 133 129 122 113 115 129 140 144 145 144 147 149 149 148 148 144 141 133 124 123 124 122 121 123 128 134 139 154 158 160 163 165 165 167 169 170 170 170 168 168 165 163 160 159 161 161
118 121 122 123 134 146 152 152 146 139 143 153 158 162 164 158 148 136 129 134 136 136 144 150 153 157 155 147 139 133 129 123 112 100 84 61 45 53 81 97 103 119 133 139 144 147 146 147 147 145 142 138 135 134 132 130 137 143 145 148 149 150 151 152 152 152 149 146 146 147 146 143 142 144 147 142 141 152 156 156 157 159 161 163 164 166 168 170 171 170 168 166 163 161 163
