english_channel/non_stat/bathymetry.bot
ncols        1078
nrows        432
xllcorner    -2.700000000000
yllcorner    49.100000000000
cellsize     0.004166666667
NODATA_value -32767
[rows 336 to 377 of 432, columns 475 to 569 of 1078]
-24 -24 -24 -24 -24 -24 -25 -25 -25 -25 -25 -25 -25 -25 -25 -24 -24 -24 -25 -25 -26 -25 -27 -25 -25 -26 -26 -26 -26 -27 -26 -26 -26 -28 -26 -26 -26 -26 -27 -27 -27 -31 -34 -36 -36 -36 -34 -39 -36 -36 -36 -36 -35 -36 -35 -37 -36 -36 -36 -35 -34 -34 -35 -35 -35 -35 -36 -35 -35 -36 -34 -34 -34 -33 -33 -33 -34 -34 -34 -33 -34 -32 -32 -30 -29 -27 -26 -29 -29 -29 -31 -31 -29 -27 -20
-23 -24 -24 -24 -24 -24 -24 -24 -24 -24 -24 -24 -24 -24 -24 -25 -25 -26 -25 -25 -27 -26 -24 -25 -25 -25 -26 -26 -27 -27 -26 -26 -25 -25 -26 -26 -26 -26 -27 -27 -28 -28 -30 -31 -31 -35 -36 -34 -29 -30 -32 -33 -33 -32 -33 -32 -34 -37 -38 -37 -36 -35 -32 -33 -33 -34 -35 -35 -35 -36 -35 -35 -35 -33 -33 -33 -34 -34 -33 -33 -34 -33 -33 -31 -31 -29 -30 -27 -29 -31 -31 -31 -32 -29 -28
-23 -24 -23 -24 -24 -24 -24 -24 -24 -24 -24 -24 -24 -24 -24 -24 -24 -24 -25 -24 -24 -25 -25 -24 -25 -25 -26 -26 -26 -26 -26 -26 -27 -26 -25 -25 -25 -25 -26 -26 -27 -27 -27 -29 -31 -31 -31 -30 -30 -29 -28 -30 -33 -33 -29 -28 -28 -30 -33 -35 -34 -34 -34 -34 -34 -34 -34 -35 -35 -35 -34 -34 -36 -35 -35 -35 -34 -34 -34 -35 -34 -34 -36 -35 -33 -30 -29 -31 -32 -32 -32 -31 -32 -32 -30
-23 -23 -24 -24 -24 -23 -23 -24 -23 -23 -23 -23 -23 -23 -23 -23 -24 -23 -23 -23 -24 -24 -24 -24 -24 -25 -25 -25 -25 -26 -26 -26 -26 -26 -25 -25 -25 -25 -25 -25 -25 -26 -27 -28 -28 -29 -30 -30 -31 -31 -28 -28 -28 -29 -32 -27 -27 -27 -28 -31 -33 -33 -32 -33 -34 -34 -34 -34 -35 -34 -34 -34 -35 -35 -35 -35 -36 -36 -37 -37 -36 -37 -36 -35 -36 -34 -32 -31 -31 -32 -32 -33 -35 -35 -34
-23 -23 -24 -24 -23 -23 -23 -23 -23 -23 -23 -23 -23 -23 -23 -23 -23 -23 -23 -23 -23 -23 -23 -23 -24 -24 -24 -24 -25 -25 -24 -25 -26 -25 -25 -25 -24 -25 -25 -25 -25 -26 -26 -26 -26 -27 -28 -29 -29 -31 -31 -29 -27 -29 -30 -28 -27 -27 -26 -27 -29 -30 -32 -32 -32 -32 -33 -33 -34 -34 -34 -34 -35 -35 -35 -34 -34 -34 -35 -36 -35 -36 -37 -37 -35 -35 -35 -34 -31 -32 -32 -33 -33 -34 -34
-23 -23 -23 -23 -22 -22 -22 -22 -22 -22 -23 -22 -22 -23 -22 -23 -23 -23 -23 -22 -23 -23 -23 -23 -24 -23 -23 -23 -23 -24 -24 -24 -25 -25 -24 -24 -24 -24 -24 -25 -25 -25 -25 -25 -25 -26 -26 -27 -28 -27 -28 -28 -29 -28 -26 -26 -27 -26 -26 -26 -26 -27 -27 -30 -31 -32 -30 -30 -30 -31 -33 -34 -33 -33 -35 -35 -34 -34 -34 -33 -34 -35 -35 -35 -36 -35 -35 -35 -34 -32 -31 -32 -33 -31 -32
-22 -22 -22 -23 -22 -22 -22 -22 -23 -22 -22 -22 -22 -22 -22 -23 -22 -22 -22 -22 -23 -23 -22 -22 -24 -23 -23 -23 -23 -23 -23 -24 -25 -25 -24 -24 -24 -24 -24 -24 -24 -24 -25 -25 -25 -25 -25 -25 -25 -27 -27 -27 -28 -28 -29 -27 -27 -26 -25 -25 -25 -25 -25 -25 -28 -30 -31 -30 -30 -30 -30 -31 -31 -33 -33 -33 -33 -33 -33 -34 -34 -34 -34 -33 -34 -33 -33 -34 -34 -34 -31 -31 -33 -33 -32
-22 -22 -22 -22 -22 -22 -22 -22 -22 -22 -22 -22 -22 -22 -22 -22 -22 -22 -22 -22 -23 -23 -22 -22 -23 -22 -22 -22 -23 -23 -23 -23 -24 -24 -24 -24 -24 -24 -24 -24 -24 -24 -24 -24 -25 -25 -25 -25 -26 -26 -27 -27 -26 -26 -27 -27 -27 -26 -25 -25 -25 -24 -25 -24 -23 -24 -27 -29 -30 -30 -30 -27 -28 -29 -29 -30 -30 -31 -31 -31 -31 -32 -33 -33 -32 -31 -30 -32 -30 -34 -32 -31 -32 -33 -33
-22 -22 -22 -22 -22 -22 -22 -22 -22 -22 -22 -22 -22 -21 -22 -22 -22 -22 -22 -22 -22 -22 -22 -22 -21 -22 -22 -22 -22 -22 -22 -24 -23 -23 -23 -24 -24 -24 -24 -24 -23 -24 -23 -23 -24 -24 -24 -25 -25 -26 -26 -25 -26 -26 -25 -25 -26 -27 -26 -25 -25 -25 -25 -25 -23 -23 -23 -24 -26 -28 -27 -27 -26 -26 -27 -27 -26 -26 -26 -27 -28 -29 -29 -30 -33 -33 -31 -31 -32 -31 -31 -31 -32 -33 -34
-22 -22 -22 -22 -22 -22 -22 -22 -22 -22 -22 -22 -22 -22 -22 -22 -22 -22 -22 -22 -22 -22 -22 -21 -21 -21 -21 -21 -21 -21 -21 -25 -22 -23 -23 -24 -24 -24 -24 -24 -23 -23 -23 -23 -23 -24 -24 -24 -24 -25 -25 -24 -25 -26 -25 -25 -25 -24 -25 -26 -26 -25 -25 -25 -25 -24 -25 -24 -24 -25 -26 -28 -29 -30 -29 -29 -27 -25 -26 -26 -27 -27 -29 -29 -28 -31 -33 -32 -32 -32 -32 -32 -33 -33 -33
-22 -22 -22 -22 -22 -22 -22 -22 -22 -22 -22 -22 -22 -22 -22 -22 -22 -22 -22 -22 -21 -21 -21 -21 -21 -21 -21 -21 -21 -21 -21 -22 -22 -22 -23 -23 -23 -23 -24 -23 -23 -23 -23 -23 -23 -24 -23 -23 -24 -24 -24 -25 -25 -25 -24 -26 -25 -24 -25 -25 -25 -25 -24 -24 -24 -24 -24 -24 -25 -25 -26 -26 -27 -29 -30 -30 -29 -28 -26 -25 -25 -25 -26 -28 -27 -27 -27 -26 -27 -28 -29 -31 -32 -34 -34
-22 -22 -22 -22 -22 -22 -22 -21 -21 -22 -21 -21 -21 -21 -21 -21 -21 -21 -21 -21 -21 -21 -21 -20 -21 -22 -20 -21 -21 -21 -22 -21 -22 -22 -23 -23 -24 -23 -23 -23 -23 -23 -23 -23 -23 -23 -23 -23 -23 -23 -24 -24 -24 -24 -25 -24 -24 -25 -25 -24 -25 -25 -24 -24 -24 -24 -24 -24 -24 -25 -26 -26 -26 -27 -27 -27 -29 -30 -30 -29 -27 -24 -24 -24 -25 -26 -27 -27 -27 -26 -25 -24 -24 -24 -30
-22 -22 -22 -22 -22 -22 -22 -21 -21 -21 -21 -21 -21 -21 -21 -21 -21 -21 -21 -21 -21 -21 -21 -21 -20 -21 -20 -21 -21 -22 -21 -21 -22 -23 -23 -23 -23 -23 -23 -24 -24 -23 -23 -23 -23 -23 -23 -23 -23 -23 -23 -23 -24 -24 -24 -24 -24 -25 -24 -24 -24 -24 -25 -25 -24 -24 -24 -24 -24 -25 -26 -26 -26 -25 -25 -26 -27 -28 -28 -28 -26 -27 -27 -25 -23 -23 -22 -21 -21 -22 -21 -22 -22 -22 -22
-22 -22 -22 -22 -22 -22 -22 -21 -21 -21 -21 -21 -20 -21 -21 -21 -21 -20 -20 -20 -21 -21 -21 -20 -20 -20 -20 -20 -20 -21 -21 -21 -21 -22 -23 -23 -23 -23 -22 -23 -23 -23 -22 -22 -22 -22 -22 -22 -23 -22 -23 -23 -23 -23 -23 -23 -24 -24 -24 -24 -24 -24 -24 -25 -25 -24 -23 -24 -24 -24 -25 -25 -23 -24 -23 -24 -24 -24 -24 -25 -24 -23 -22 -22 -21 -22 -22 -21 -21 -21 -21 -20 -21 -21 -21
-22 -22 -22 -22 -22 -21 -22 -21 -21 -21 -20 -20 -20 -20 -20 -21 -20 -20 -20 -20 -20 -20 -20 -20 -20 -20 -20 -20 -21 -20 -20 -20 -21 -21 -21 -22 -22 -22 -22 -22 -22 -22 -22 -22 -22 -22 -22 -22 -22 -22 -22 -22 -22 -23 -23 -23 -23 -23 -23 -24 -24 -24 -23 -23 -24 -24 -24 -24 -25 -25 -24 -23 -23 -23 -22 -22 -23 -23 -23 -23 -22 -21 -21 -21 -21 -21 -22 -21 -20 -21 -20 -20 -20 -20 -20
-21 -21 -21 -22 -22 -21 -21 -21 -20 -20 -20 -20 -20 -20 -20 -21 -20 -20 -20 -20 -20 -21 -20 -20 -20 -21 -20 -20 -21 -20 -20 -20 -20 -21 -20 -21 -21 -22 -22 -22 -22 -21 -22 -22 -22 -23 -23 -23 -22 -22 -22 -22 -22 -22 -22 -22 -23 -23 -23 -23 -23 -23 -23 -23 -23 -24 -24 -25 -25 -25 -26 -25 -23 -23 -22 -22 -22 -22 -22 -21 -21 -21 -20 -20 -20 -20 -21 -20 -20 -20 -20 -20 -20 -20 -20
-22 -22 -22 -22 -22 -22 -21 -21 -20 -19 -20 -20 -20 -20 -20 -20 -21 -20 -20 -20 -20 -20 -20 -20 -20 -20 -20 -20 -20 -19 -20 -20 -21 -21 -20 -21 -22 -21 -22 -22 -22 -22 -22 -22 -23 -23 -23 -23 -23 -23 -23 -23 -22 -22 -22 -22 -22 -22 -22 -22 -23 -23 -23 -23 -23 -23 -23 -23 -23 -23 -23 -25 -24 -23 -22 -22 -21 -21 -22 -21 -20 -20 -20 -20 -20 -20 -21 -20 -20 -20 -20 -20 -20 -21 -20
-22 -22 -22 -22 -21 -21 -21 -21 -21 -20 -20 -20 -20 -20 -20 -20 -20 -20 -20 -20 -20 -20 -20 -20 -19 -18 -19 -19 -20 -19 -19 -20 -20 -20 -20 -20 -20 -19 -21 -21 -20 -20 -21 -21 -21 -22 -21 -22 -23 -23 -22 -22 -22 -21 -21 -22 -21 -22 -22 -22 -21 -22 -22 -22 -22 -22 -22 -22 -22 -22 -22 -22 -22 -22 -22 -22 -21 -21 -21 -21 -20 -20 -20 -20 -20 -19 -20 -20 -20 -19 -19 -20 -19 -19 -19
-22 -21 -22 -21 -21 -21 -21 -21 -20 -19 -20 -19 -19 -20 -20 -20 -20 -19 -20 -19 -20 -20 -20 -19 -19 -19 -19 -19 -19 -19 -19 -20 -20 -20 -20 -20 -20 -20 -20 -20 -20 -20 -20 -20 -20 -21 -21 -21 -22 -21 -22 -21 -21 -21 -21 -21 -22 -21 -21 -21 -21 -21 -20 -21 -21 -21 -21 -21 -21 -21 -21 -22 -21 -21 -21 -21 -21 -20 -20 -20 -20 -21 -20 -20 -20 -19 -20 -19 -20 -19 -19 -19 -19 -19 -19
-21 -21 -21 -21 -21 -20 -20 -21 -19 -19 -19 -19 -20 -20 -20 -20 -19 -20 -20 -20 -20 -19 -19 -19 -19 -19 -19 -19 -19 -19 -19 -20 -20 -20 -19 -20 -20 -20 -20 -20 -20 -20 -20 -20 -20 -20 -20 -20 -20 -20 -20 -21 -21 -21 -21 -21 -21 -21 -21 -21 -20 -20 -21 -22 -21 -21 -21 -20 -20 -20 -21 -21 -20 -20 -20 -21 -20 -20 -20 -20 -20 -20 -20 -19 -19 -19 -19 -19 -19 -19 -19 -19 -18 -19 -19
-21 -21 -20 -20 -20 -20 -20 -20 -19 -19 -19 -19 -19 -20 -20 -19 -20 -19 -20 -20 -19 -19 -19 -19 -19 -19 -19 -19 -19 -19 -19 -19 -19 -19 -19 -19 -19 -20 -20 -20 -20 -20 -20 -19 -20 -19 -19 -19 -19 -19 -19 -20 -20 -20 -21 -21 -21 -20 -21 -21 -20 -20 -21 -20 -20 -20 -20 -20 -20 -21 -20 -19 -20 -20 -20 -20 -19 -19 -20 -20 -19 -20 -19 -19 -19 -19 -19 -19 -19 -18 -18 -19 -19 -19 -18
-20 -20 -20 -20 -19 -19 -20 -19 -19 -19 -19 -19 -19 -19 -19 -20 -19 -18 -19 -19 -19 -19 -19 -19 -19 -19 -18 -18 -18 -18 -18 -19 -19 -19 -19 -19 -19 -19 -20 -19 -20 -20 -19 -20 -20 -19 -19 -19 -19 -19 -19 -20 -19 -19 -20 -21 -20 -20 -20 -20 -20 -21 -21 -20 -20 -20 -20 -19 -20 -20 -20 -19 -20 -19 -20 -19 -19 -19 -19 -19 -19 -19 -19 -19 -19 -19 -19 -18 -19 -18 -19 -19 -18 -18 -18
-20 -20 -20 -19 -18 -19 -19 -19 -18 -19 -18 -18 -17 -17 -17 -17 -17 -18 -19 -19 -18 -19 -19 -19 -19 -19 -18 -18 -18 -18 -18 -18 -18 -18 -18 -18 -19 -19 -19 -19 -19 -19 -19 -19 -19 -19 -19 -19 -19 -19 -19 -19 -19 -20 -19 -20 -20 -19 -20 -20 -19 -20 -21 -20 -20 -20 -19 -19 -19 -20 -20 -19 -20 -19 -19 -19 -19 -19 -18 -19 -18 -19 -19 -19 -19 -19 -18 -17 -18 -18 -18 -18 -18 -18 -18
-20 -20 -19 -19 -19 -16 -17 -19 -18 -18 -17 -17 -16 -16 -16 -17 -17 -17 -15 -17 -17 -16 -17 -18 -18 -18 -18 -17 -17 -17 -17 -17 -17 -18 -18 -18 -18 -18 -18 -18 -18 -18 -18 -19 -19 -18 -18 -18 -19 -19 -19 -19 -19 -19 -19 -20 -19 -19 -20 -19 -19 -19 -19 -19 -18 -20 -18 -18 -18 -19 -19 -18 -18 -18 -18 -18 -18 -18 -18 -18 -18 -18 -18 -18 -18 -18 -17 -17 -17 -17 -18 -18 -18 -18 -18
-20 -20 -20 -20 -19 -19 -18 -16 -17 -17 -16 -16 -16 -15 -16 -16 -14 -14 -14 -15 -14 -15 -13 -14 -14 -15 -16 -15 -16 -16 -16 -16 -16 -17 -16 -17 -17 -17 -17 -17 -17 -17 -18 -18 -18 -17 -18 -18 -18 -18 -18 -19 -18 -18 -18 -19 -18 -18 -19 -18 -18 -18 -18 -18 -18 -18 -17 -17 -18 -18 -18 -18 -18 -18 -18 -17 -17 -17 -17 -17 -17 -18 -17 -17 -17 -17 -17 -17 -17 -18 -17 -18 -17 -17 -17
-20 -20 -20 -20 -20 -20 -20 -19 -18 -15 -16 -15 -14 -16 -14 -17 -15 -15 -14 -16 -16 -14 -13 -11 -12 -13 -12 -12 -12 -12 -12 -12 -12 -13 -14 -14 -14 -14 -15 -16 -16 -16 -17 -17 -18 -18 -18 -17 -16 -16 -15 -16 -16 -16 -17 -18 -18 -17 -17 -17 -15 -16 -17 -16 -15 -17 -16 -16 -17 -14 -15 -17 -17 -17 -17 -17 -17 -17 -17 -17 -17 -17 -16 -16 -16 -16 -17 -17 -17 -17 -17 -17 -17 -17 -17
-19 -19 -19 -20 -20 -20 -19 -19 -19 -19 -18 -18 -17 -15 -16 -14 -15 -14 -14 -14 -14 -13 -14 -12 -12 -11 -12 -12 -11 -11 -11 -11 -10 -11 -11 -11 -10 -11 -12 -14 -14 -15 -16 -16 -16 -16 -17 -16 -17 -15 -17 -16 -17 -17 -17 -17 -16 -17 -17 -16 -15 -16 -15 -15 -15 -15 -14 -15 -16 -15 -15 -15 -16 -16 -16 -16 -16 -16 -16 -16 -16 -16 -16 -16 -16 -16 -16 -16 -16 -16 -16 -16 -16 -16 -16
-18 -18 -19 -19 -19 -19 -19 -19 -19 -19 -18 -18 -18 -17 -16 -16 -15 -14 -14 -14 -13 -12 -12 -12 -12 -11 -11 -11 -11 -11 -11 -11 -10 -10 -11 -10 -10 -10 -10 -12 -11 -13 -14 -15 -14 -14 -15 -15 -16 -14 -14 -14 -14 -14 -14 -15 -15 -15 -15 -15 -15 -16 -16 -16 -14 -14 -14 -14 -14 -14 -14 -14 -14 -15 -15 -15 -15 -15 -15 -15 -15 -15 -14 -15 -15 -15 -15 -15 -15 -15 -16 -16 -16 -16 -15
-17 -17 -17 -17 -18 -17 -18 -18 -18 -17 -17 -16 -16 -15 -15 -15 -14 -14 -15 -14 -14 -14 -12 -11 -12 -12 -11 -10 -11 -11 -11 -11 -10 -10 -11 -10 -10 -10 -10 -10 -9 -10 -11 -11 -11 -12 -13 -12 -13 -12 -11 -11 -12 -10 -10 -12 -13 -12 -13 -13 -14 -14 -14 -15 -15 -13 -15 -15 -16 -15 -14 -13 -13 -14 -14 -14 -14 -14 -14 -14 -14 -13 -13 -13 -14 -14 -14 -14 -14 -15 -15 -15 -15 -16 -16
-17 -17 -17 -17 -17 -16 -17 -17 -16 -16 -16 -15 -15 -14 -14 -14 -14 -14 -14 -14 -14 -14 -13 -13 -12 -12 -12 -12 -11 -10 -10 -11 -9 -10 -10 -10 -9 -9 -8 -9 -9 -9 -10 -10 -11 -11 -11 -10 -11 -11 -10 -10 -10 -10 -10 -9 -10 -11 -11 -11 -12 -12 -13 -12 -11 -11 -12 -13 -14 -12 -12 -12 -13 -13 -12 -12 -12 -12 -13 -13 -13 -13 -13 -12 -13 -13 -12 -13 -14 -14 -14 -15 -15 -15 -15
-17 -17 -16 -16 -15 -15 -15 -15 -15 -15 -14 -14 -14 -14 -14 -14 -14 -14 -14 -14 -13 -13 -13 -12 -12 -12 -12 -11 -11 -11 -9 -7 -6 -6 -7 -6 -5 -6 -4 -4 -4 -5 -7 -8 -10 -9 -10 -9 -10 -10 -9 -10 -10 -10 -10 -10 -11 -11 -10 -10 -11 -11 -12 -9 -10 -10 -12 -14 -12 -12 -11 -11 -12 -11 -12 -11 -11 -11 -12 -12 -11 -12 -12 -12 -12 -12 -12 -12 -12 -12 -13 -14 -14 -15 -15
-15 -15 -15 -14 -14 -14 -14 -14 -13 -13 -13 -13 -13 -14 -14 -13 -13 -13 -13 -13 -13 -11 -12 -12 -12 -12 -12 -11 -10 -9 -6 -3 -3 -4 -4 -4 -3 -4 -2 -2 -2 -2 -4 -3 -3 -4 -3 -6 -7 -5 -5 -6 -6 -8 -9 -10 -10 -10 -10 -10 -10 -10 -11 -11 -11 -12 -13 -12 -11 -11 -12 -11 -10 -11 -11 -11 -11 -11 -11 -11 -11 -11 -11 -11 -11 -12 -11 -12 -12 -12 -12 -13 -14 -14 -14
-14 -14 -13 -13 -14 -13 -13 -13 -13 -13 -13 -13 -13 -12 -13 -13 -13 -13 -13 -12 -12 -12 -12 -12 -12 -11 -11 -11 -7 -3 -2 -2 -2 -3 -3 -3 -2 -2 -1 -1 -2 -3 -2 -2 -2 -2 -2 -2 -2 -2 -2 -3 -3 -3 -5 -6 -7 -7 -7 -8 -9 -10 -10 -9 -10 -10 -12 -11 -10 -10 -10 -10 -9 -9 -8 -9 -9 -10 -10 -10 -10 -10 -10 -10 -10 -11 -11 -10 -11 -11 -11 -12 -13 -14 -14
-13 -12 -12 -13 -12 -12 -13 -13 -13 -13 -12 -13 -13 -13 -12 -12 -12 -12 -12 -12 -12 -11 -11 -11 -10 -10 -10 -6 -1 -1 -1 -1 -1 -1 -2 -1 -1 -1 -1 -1 -1 -1 -1 -1 -1 -1 -1 -1 -1 -1 -1 -1 -1 -1 -1 -1 -2 -2 -3 -4 -8 -3 -4 -3 -4 -5 -8 -7 -3 -4 -3 -3 -2 -2 -1 -2 -2 -1 -2 -2 -2 -2 -2 -2 -2 -5 -9 -10 -10 -11 -12 -12 -13 -13 -13
-11 -11 -11 -11 -12 -11 -12 -12 -12 -12 -12 -12 -12 -12 -12 -12 -12 -12 -11 -11 -11 -10 -9 -9 -9 -8 -5 -3 -2 -1 -1 -1 -1 -1 -1 -1 -1 -1 -1 -1 -1 -1 -1 -1 -1 -1 -1 -2 -2 -2 -3 -3 -3 -3 -2 -1 -1 -2 -3 -4 -5 -6 -5 -5 -3 -3 -6 -6 -5 -6 -5 -2 -2 -1 -1 -1 -1 -1 -1 -2 -1 -2 -1 -1 -1 -6 -8 -10 -10 -12 -11 -12 -13 -13 -13
-6 -8 -7 -8 -8 -9 -9 -9 -10 -9 -10 -10 -10 -10 -10 -10 -10 -9 -9 -7 -8 -7 -7 -8 -8 -6 -5 -3 -2 -2 -1 -1 -1 -2 -2 -2 -2 -4 -4 -1 -1 -1 -1 -1 -1 -1 -1 -1 -1 -1 -2 -3 -4 -3 -4 -2 -1 -1 -2 -2 -1 -3 -6 -2 -2 -3 -3 -3 -2 -4 -3 -1 -1 -1 -1 -1 -1 -1 -1 -1 -1 -1 -1 -1 -2 -3 -8 -9 -9 -10 -10 -11 -12 -12 -12
-1 -1 -1 -1 -1 -1 -1 -1 -2 -2 -3 -3 -4 -3 -4 -4 -3 -2 -2 -2 -3 -3 -4 -3 -5 -5 -5 -5 -3 -2 -1 -1 -1 -2 -2 -2 -1 -1 -1 -1 -1 -1 -1 -1 -1 -1 -1 -1 -1 -1 -1 -2 -2 -2 -4 -2 -1 -1 -1 -2 -2 -3 -4 -3 -4 -2 -2 -2 -1 -2 -2 -1 -1 -1 -1 -1 -1 -1 -2 -1 -1 -1 -1 -1 -1 -2 -7 -9 -9 -9 -10 -11 -11 -11 -11
72 74 70 68 64 66 70 69 65 61 58 53 52 49 48 47 46 40 42 42 32 2 1 1 -1 -1 -1 -1 -1 -1 -1 -1 -1 -1 -1 -1 -1 -1 -1 -1 -1 -1 -1 -1 -1 -1 -1 -1 -1 -1 -1 -1 -1 -1 -1 -1 -1 -1 -1 -1 -2 -2 -1 -1 -1 -2 -2 -1 -1 -1 -1 -1 -1 -1 -1 -1 -1 -1 -1 -1 -1 -1 -1 -2 -1 -2 -5 -7 -8 -8 -9 -9 -10 -10 -10
72 72 67 62 63 64 65 65 65 64 63 62 60 58 57 54 50 47 51 51 43 28 16 13 28 41 36 23 8 4 7 8 6 6 6 5 4 3 5 8 11 15 22 27 29 30 30 29 27 21 19 16 9 4 -1 -1 -1 -1 -1 -1 -1 -1 -1 -1 -1 -1 -1 -1 -1 -1 -1 -1 -1 -1 -1 -1 -1 -1 -1 -1 -1 -1 -1 -2 -3 -4 -5 -5 -7 -6 -6 -7 -8 -8 -8
62 58 54 53 53 50 53 56 58 60 62 64 64 61 59 57 55 56 58 56 51 48 37 30 42 48 34 17 10 12 15 15 11 12 15 13 9 7 15 29 37 41 43 42 38 32 27 25 24 29 33 30 24 19 16 11 9 5 2 2 2 3 4 4 4 5 2 2 2 2 3 3 4 3 2 3 -1 -1 -1 -1 -1 -1 -1 -1 -1 -2 -2 -3 -5 -4 -4 -4 -6 -7 -8
43 38 32 32 33 34 36 39 46 55 60 62 64 65 65 63 63 63 63 61 55 47 40 44 51 50 35 24 20 17 16 13 11 15 18 16 13 15 33 46 49 49 46 42 38 34 35 36 37 39 37 34 32 31 27 25 25 18 10 5 3 4 6 7 7 8 7 5 5 6 6 7 6 8 7 8 8 9 7 6 -1 -1 -1 -1 -1 -1 -1 -2 -3 -2 -2 -3 -4 -6 -7
24 27 31 32 33 34 36 38 43 54 63 67 70 70 69 68 67 65 61 58 54 51 50 51 55 54 46 32 20 16 13 10 13 16 17 16 14 14 24 41 50 49 45 41 37 37 41 43 42 41 40 39 37 32 31 31 28 21 15 10 5 7 15 18 19 19 18 14 10 9 9 9 9 9 9 9 9 9 9 8 7 7 8 -1 -1 -1 -1 -1 -1 -1 -1 -2 -2 -2 -4
