english_channel/non_stat/bathymetry.bot
ncols        1078
nrows        432
xllcorner    -2.700000000000
yllcorner    49.100000000000
cellsize     0.004166666667
NODATA_value -32767
[rows 42 to 83 of 432, columns 570 to 664 of 1078]
-18 -18 -17 -17 -18 -18 -18 -18 -18 -18 -19 -19 -18 -18 -18 -18 -18 -18 -18 -18 -19 -19 -19 -19 -20 -20 -21 -21 -21 -20 -20 -19 -20 -20 -20 -20 -20 -21 -22 -22 -22 -21 -21 -22 -22 -21 -21 -21 -21 -21 -21 -21 -21 -21 -21 -21 -21 -21 -21 -21 -21 -21 -21 -21 -21 -21 -21 -21 -21 -21 -21 -20 -20 -20 -20 -20 -21 -21 -20 -20 -20 -20 -21 -21 -21 -21 -21 -21 -21 -21 -22 -22 -22 -22 -22
-18 -18 -18 -18 -18 -18 -18 -18 -19 -19 -19 -19 -19 -18 -19 -19 -18 -18 -18 -18 -19 -19 -20 -21 -22 -22 -22 -22 -22 -21 -20 -20 -20 -20 -20 -20 -21 -21 -22 -22 -22 -22 -22 -22 -22 -21 -21 -21 -22 -21 -21 -21 -21 -22 -22 -22 -22 -22 -22 -21 -21 -21 -21 -22 -22 -22 -22 -22 -22 -22 -21 -21 -21 -21 -21 -22 -22 -22 -21 -21 -21 -21 -22 -22 -22 -22 -22 -23 -23 -23 -23 -23 -23 -23 -23
-19 -18 -18 -18 -18 -18 -19 -19 -19 -19 -19 -19 -19 -19 -19 -19 -19 -19 -19 -19 -19 -20 -21 -22 -22 -22 -23 -23 -22 -22 -21 -21 -20 -21 -21 -21 -21 -22 -22 -22 -22 -22 -23 -23 -23 -22 -22 -22 -22 -22 -22 -22 -22 -22 -22 -22 -22 -22 -22 -22 -22 -22 -22 -22 -22 -22 -22 -22 -22 -22 -22 -22 -22 -23 -22 -23 -23 -23 -22 -22 -22 -22 -22 -22 -22 -22 -23 -24 -24 -25 -24 -24 -24 -24 -23
-19 -18 -19 -19 -19 -19 -19 -19 -19 -19 -19 -20 -20 -20 -19 -19 -20 -20 -20 -21 -20 -21 -21 -22 -23 -23 -24 -24 -24 -23 -23 -23 -23 -22 -22 -22 -22 -22 -23 -23 -22 -22 -23 -23 -24 -23 -22 -22 -23 -23 -22 -22 -23 -23 -23 -23 -22 -22 -22 -23 -23 -23 -23 -23 -23 -23 -23 -23 -23 -23 -23 -23 -23 -23 -23 -23 -23 -23 -22 -23 -23 -23 -22 -22 -22 -22 -23 -23 -24 -24 -25 -25 -24 -24 -23
-18 -19 -20 -19 -19 -19 -19 -19 -19 -19 -20 -21 -21 -21 -20 -21 -21 -21 -21 -22 -22 -22 -21 -22 -22 -23 -23 -23 -23 -23 -23 -23 -24 -22 -22 -21 -22 -22 -23 -23 -23 -22 -23 -24 -25 -24 -23 -23 -24 -23 -23 -23 -23 -23 -23 -23 -23 -24 -23 -23 -23 -24 -24 -24 -24 -24 -24 -24 -24 -24 -23 -23 -24 -24 -24 -24 -23 -23 -23 -23 -23 -23 -24 -24 -24 -23 -23 -23 -24 -24 -25 -25 -25 -24 -23
-19 -20 -20 -19 -20 -19 -19 -20 -20 -21 -21 -22 -22 -22 -21 -21 -21 -21 -21 -22 -23 -23 -22 -23 -22 -22 -22 -23 -23 -23 -24 -24 -25 -24 -23 -22 -22 -22 -23 -23 -23 -24 -24 -25 -25 -25 -25 -25 -24 -23 -24 -23 -24 -24 -24 -24 -23 -23 -23 -25 -24 -24 -24 -24 -24 -24 -24 -25 -25 -25 -24 -24 -24 -24 -24 -24 -24 -24 -25 -24 -24 -24 -25 -25 -25 -24 -25 -25 -27 -27 -26 -25 -24 -24 -24
-20 -21 -20 -21 -21 -21 -22 -22 -22 -23 -24 -24 -24 -24 -23 -20 -22 -23 -23 -23 -23 -24 -24 -25 -25 -23 -23 -22 -22 -25 -24 -24 -25 -25 -26 -25 -24 -23 -24 -24 -24 -24 -25 -25 -25 -26 -25 -24 -25 -25 -24 -24 -24 -24 -24 -24 -24 -24 -24 -24 -24 -25 -26 -25 -26 -26 -26 -26 -26 -26 -26 -27 -26 -26 -27 -27 -25 -26 -25 -25 -25 -25 -26 -27 -28 -28 -28 -28 -28 -27 -26 -26 -25 -24 -25
-20 -20 -20 -21 -21 -20 -21 -22 -23 -24 -25 -26 -25 -24 -21 -23 -24 -24 -23 -24 -24 -24 -25 -26 -25 -25 -24 -24 -24 -24 -25 -25 -26 -26 -27 -26 -25 -24 -25 -25 -24 -25 -26 -25 -27 -27 -26 -25 -26 -24 -24 -24 -24 -24 -24 -24 -24 -24 -25 -25 -26 -26 -27 -27 -26 -28 -29 -27 -27 -27 -26 -26 -27 -27 -29 -28 -27 -26 -26 -26 -27 -28 -29 -28 -28 -28 -28 -27 -27 -27 -26 -25 -25 -25 -25
-21 -21 -21 -22 -22 -24 -25 -24 -24 -25 -26 -27 -27 -26 -25 -25 -25 -24 -23 -23 -24 -25 -25 -26 -25 -27 -26 -26 -25 -24 -25 -25 -27 -27 -27 -27 -27 -25 -26 -25 -26 -26 -27 -27 -29 -28 -27 -27 -26 -25 -24 -25 -25 -25 -25 -25 -25 -25 -25 -25 -25 -26 -27 -26 -26 -27 -26 -28 -26 -26 -27 -28 -29 -29 -29 -29 -29 -29 -30 -30 -30 -30 -29 -29 -28 -28 -28 -28 -28 -27 -26 -26 -26 -25 -25
-22 -23 -24 -24 -26 -27 -27 -27 -27 -27 -27 -28 -27 -26 -25 -26 -25 -23 -23 -23 -23 -25 -25 -25 -27 -27 -27 -27 -26 -26 -27 -28 -28 -28 -29 -27 -27 -25 -26 -26 -26 -25 -26 -28 -28 -28 -27 -26 -25 -25 -25 -25 -26 -26 -26 -26 -26 -26 -27 -26 -26 -26 -26 -27 -27 -27 -27 -26 -27 -28 -28 -28 -27 -29 -30 -30 -31 -31 -31 -31 -30 -31 -30 -30 -29 -28 -28 -27 -27 -26 -26 -26 -26 -25 -25
-24 -25 -26 -28 -28 -28 -27 -27 -26 -27 -28 -28 -27 -28 -28 -26 -24 -24 -24 -25 -25 -26 -27 -27 -28 -27 -27 -27 -27 -28 -30 -30 -30 -30 -29 -28 -26 -26 -27 -27 -27 -26 -27 -28 -30 -29 -27 -27 -27 -27 -26 -26 -27 -27 -27 -27 -27 -27 -27 -27 -27 -26 -26 -27 -27 -26 -26 -27 -27 -28 -29 -29 -29 -30 -31 -31 -31 -31 -30 -30 -30 -30 -30 -28 -28 -27 -28 -27 -26 -26 -26 -26 -26 -25 -25
-23 -27 -27 -27 -28 -28 -27 -27 -27 -29 -28 -27 -29 -29 -27 -27 -27 -25 -25 -26 -27 -28 -29 -29 -29 -28 -27 -28 -28 -28 -30 -30 -30 -30 -29 -29 -28 -28 -30 -30 -28 -29 -31 -31 -30 -28 -27 -28 -26 -26 -27 -27 -27 -28 -28 -27 -27 -27 -26 -27 -27 -27 -27 -27 -28 -28 -28 -28 -28 -28 -28 -29 -29 -28 -29 -29 -30 -29 -30 -30 -30 -30 -29 -27 -28 -28 -28 -27 -26 -27 -27 -27 -27 -26 -26
-26 -26 -27 -27 -26 -27 -27 -28 -29 -29 -28 -28 -28 -29 -29 -30 -26 -26 -26 -27 -26 -28 -29 -31 -30 -26 -25 -28 -28 -28 -27 -29 -30 -29 -28 -28 -29 -30 -32 -30 -31 -32 -34 -35 -34 -32 -30 -28 -32 -31 -30 -28 -29 -30 -29 -28 -28 -28 -28 -28 -28 -28 -29 -29 -29 -28 -28 -28 -29 -28 -29 -28 -29 -29 -28 -28 -29 -30 -31 -30 -29 -29 -27 -27 -28 -28 -28 -28 -27 -27 -27 -27 -27 -27 -27
-27 -28 -28 -27 -26 -28 -28 -28 -28 -28 -27 -28 -29 -29 -28 -28 -25 -26 -26 -25 -27 -30 -31 -30 -29 -28 -28 -29 -30 -29 -29 -28 -29 -30 -29 -30 -32 -32 -37 -36 -37 -40 -42 -41 -45 -45 -46 -43 -46 -44 -44 -44 -43 -38 -35 -35 -32 -30 -30 -30 -31 -29 -29 -29 -29 -29 -30 -29 -29 -28 -29 -30 -30 -30 -31 -32 -31 -34 -35 -36 -36 -35 -32 -30 -29 -29 -29 -28 -28 -28 -28 -27 -28 -28 -28
-26 -25 -27 -28 -28 -29 -29 -28 -27 -27 -26 -27 -28 -28 -29 -29 -30 -33 -33 -35 -36 -37 -35 -36 -36 -34 -34 -35 -33 -33 -32 -34 -36 -35 -37 -39 -41 -43 -46 -46 -46 -47 -48 -49 -50 -50 -49 -48 -44 -41 -41 -41 -42 -41 -40 -39 -39 -38 -38 -36 -37 -35 -35 -34 -34 -35 -35 -36 -35 -34 -34 -32 -31 -35 -35 -35 -35 -36 -35 -35 -34 -34 -34 -32 -31 -30 -30 -29 -29 -29 -29 -28 -28 -28 -28
-25 -27 -28 -28 -28 -28 -29 -29 -28 -28 -28 -28 -30 -32 -34 -35 -37 -38 -39 -38 -38 -37 -37 -36 -36 -35 -35 -33 -34 -36 -40 -42 -43 -39 -42 -45 -46 -47 -49 -48 -48 -47 -47 -49 -49 -48 -44 -41 -38 -37 -35 -35 -34 -34 -32 -32 -32 -30 -32 -32 -32 -33 -31 -31 -34 -33 -35 -37 -38 -36 -35 -35 -36 -37 -36 -35 -36 -36 -35 -35 -35 -33 -33 -32 -32 -32 -32 -30 -29 -28 -29 -28 -26 -27 -27
-25 -26 -27 -27 -28 -28 -28 -29 -30 -31 -31 -32 -33 -37 -38 -38 -39 -38 -38 -38 -38 -37 -36 -36 -35 -37 -35 -36 -39 -47 -47 -46 -46 -46 -47 -47 -48 -49 -49 -50 -49 -48 -46 -47 -46 -43 -40 -37 -35 -35 -34 -34 -34 -33 -32 -32 -31 -32 -32 -32 -31 -33 -33 -34 -33 -35 -38 -43 -42 -42 -41 -41 -42 -42 -41 -41 -42 -41 -39 -38 -37 -35 -35 -35 -35 -33 -31 -30 -30 -29 -28 -27 -27 -26 -25
-28 -27 -27 -27 -28 -29 -29 -29 -31 -32 -33 -36 -38 -40 -40 -39 -39 -38 -38 -38 -37 -37 -37 -37 -38 -39 -39 -44 -49 -51 -49 -47 -45 -47 -47 -48 -48 -48 -48 -48 -47 -46 -44 -44 -43 -41 -40 -39 -37 -38 -39 -39 -38 -38 -38 -39 -40 -43 -41 -40 -40 -39 -44 -45 -46 -46 -46 -48 -48 -48 -47 -46 -46 -46 -45 -44 -41 -39 -36 -36 -35 -34 -34 -33 -32 -31 -31 -31 -29 -29 -30 -29 -29 -32 -32
-27 -29 -29 -28 -29 -31 -31 -31 -33 -37 -39 -40 -40 -40 -40 -39 -39 -39 -39 -38 -38 -39 -40 -42 -41 -43 -44 -48 -53 -51 -49 -46 -45 -44 -44 -44 -42 -43 -43 -46 -46 -45 -44 -44 -44 -47 -48 -48 -47 -49 -49 -47 -46 -48 -48 -48 -49 -49 -46 -48 -49 -50 -50 -51 -49 -48 -47 -47 -47 -45 -43 -42 -42 -42 -39 -38 -36 -36 -31 -30 -30 -32 -32 -32 -33 -34 -36 -39 -40 -41 -44 -45 -46 -45 -44
-28 -29 -30 -29 -30 -34 -33 -35 -40 -41 -41 -42 -42 -41 -41 -40 -40 -40 -39 -39 -40 -42 -44 -45 -45 -45 -46 -47 -48 -46 -46 -46 -45 -44 -43 -42 -43 -43 -45 -47 -49 -48 -48 -46 -48 -51 -52 -53 -51 -51 -50 -50 -51 -51 -51 -51 -51 -50 -49 -50 -51 -51 -51 -51 -50 -47 -45 -43 -41 -39 -36 -35 -36 -34 -33 -33 -31 -31 -30 -33 -39 -46 -46 -46 -48 -48 -47 -46 -46 -47 -47 -47 -48 -48 -49
-28 -27 -28 -30 -31 -33 -37 -41 -43 -44 -44 -43 -43 -42 -42 -42 -42 -41 -43 -43 -45 -46 -46 -46 -47 -45 -43 -44 -43 -43 -42 -44 -45 -46 -45 -45 -46 -47 -53 -52 -52 -50 -51 -50 -54 -56 -53 -52 -51 -50 -51 -50 -51 -51 -51 -52 -51 -51 -50 -49 -49 -47 -45 -44 -41 -39 -36 -37 -36 -35 -36 -35 -38 -37 -38 -38 -44 -44 -51 -51 -51 -51 -51 -51 -51 -50 -49 -49 -49 -49 -48 -48 -47 -48 -48
-32 -28 -29 -30 -31 -43 -44 -45 -45 -44 -44 -43 -42 -43 -44 -43 -44 -44 -44 -44 -44 -45 -45 -45 -43 -43 -49 -45 -45 -45 -49 -50 -49 -49 -48 -47 -49 -50 -52 -55 -51 -53 -52 -54 -56 -55 -55 -55 -54 -52 -51 -51 -50 -49 -48 -48 -48 -47 -44 -42 -41 -40 -39 -37 -35 -34 -37 -40 -45 -47 -51 -50 -52 -52 -53 -54 -55 -54 -54 -54 -54 -54 -54 -54 -54 -53 -51 -51 -50 -50 -49 -48 -48 -47 -47
-32 -31 -30 -40 -44 -45 -46 -45 -44 -44 -44 -42 -43 -44 -43 -44 -42 -43 -41 -42 -43 -44 -46 -46 -49 -53 -52 -53 -53 -51 -51 -51 -51 -50 -49 -50 -49 -49 -48 -51 -49 -49 -51 -51 -51 -50 -51 -51 -49 -45 -42 -43 -42 -42 -41 -38 -38 -37 -35 -34 -36 -38 -43 -42 -48 -51 -53 -53 -54 -55 -55 -55 -54 -55 -54 -54 -55 -55 -55 -55 -56 -56 -55 -54 -53 -53 -53 -53 -53 -54 -53 -50 -49 -50 -51
-32 -36 -40 -40 -43 -44 -44 -44 -43 -43 -44 -43 -43 -43 -42 -42 -42 -43 -44 -45 -47 -50 -52 -56 -55 -57 -55 -53 -52 -50 -50 -50 -50 -50 -49 -48 -48 -51 -48 -48 -46 -50 -50 -50 -50 -47 -46 -43 -41 -41 -40 -40 -39 -36 -36 -36 -35 -38 -41 -45 -48 -50 -52 -53 -53 -54 -54 -55 -55 -55 -55 -54 -54 -54 -54 -54 -53 -54 -56 -56 -56 -55 -55 -55 -55 -54 -53 -55 -55 -54 -54 -54 -54 -53 -52
-34 -40 -38 -37 -41 -42 -42 -43 -44 -43 -43 -43 -44 -43 -44 -45 -47 -50 -54 -55 -55 -56 -56 -56 -56 -53 -52 -51 -51 -50 -51 -51 -51 -50 -48 -47 -49 -52 -52 -49 -46 -46 -48 -47 -45 -44 -43 -40 -40 -39 -38 -39 -39 -39 -42 -44 -44 -49 -52 -53 -54 -54 -55 -54 -55 -56 -58 -57 -57 -56 -55 -54 -55 -56 -57 -56 -57 -57 -56 -55 -54 -56 -57 -56 -57 -56 -56 -56 -55 -54 -53 -52 -52 -51 -50
-44 -45 -41 -42 -44 -44 -45 -45 -44 -47 -45 -46 -47 -53 -53 -54 -57 -59 -60 -59 -56 -55 -55 -55 -53 -52 -50 -51 -50 -50 -50 -49 -50 -49 -48 -47 -47 -49 -49 -49 -45 -45 -46 -42 -41 -40 -40 -42 -41 -44 -44 -48 -46 -50 -53 -54 -53 -53 -52 -52 -52 -52 -55 -56 -59 -58 -58 -57 -56 -56 -55 -56 -56 -56 -56 -56 -56 -54 -51 -51 -51 -52 -51 -54 -54 -55 -55 -55 -54 -53 -52 -51 -49 -49 -50
-43 -41 -44 -44 -45 -47 -49 -49 -52 -55 -52 -54 -56 -58 -59 -60 -59 -60 -61 -60 -58 -56 -54 -52 -51 -51 -51 -51 -50 -49 -50 -50 -51 -50 -48 -48 -47 -47 -48 -47 -44 -44 -45 -44 -45 -44 -45 -50 -51 -52 -53 -54 -57 -57 -56 -57 -56 -56 -57 -57 -59 -58 -59 -59 -59 -55 -53 -52 -51 -51 -52 -54 -55 -56 -53 -54 -52 -51 -51 -51 -51 -51 -50 -50 -50 -50 -51 -51 -51 -51 -51 -52 -53 -52 -52
-47 -42 -45 -48 -49 -53 -55 -57 -60 -60 -60 -60 -60 -60 -61 -60 -59 -56 -58 -55 -55 -54 -53 -52 -52 -50 -50 -51 -52 -50 -53 -53 -49 -49 -48 -49 -51 -50 -50 -47 -47 -45 -47 -50 -51 -53 -54 -56 -56 -56 -57 -58 -58 -60 -58 -58 -59 -59 -58 -59 -60 -60 -60 -59 -58 -56 -56 -55 -53 -53 -54 -54 -55 -55 -54 -53 -51 -51 -51 -51 -51 -50 -50 -50 -50 -50 -51 -51 -52 -52 -53 -54 -53 -54 -54
-49 -55 -56 -57 -60 -61 -60 -61 -62 -61 -61 -60 -60 -60 -59 -58 -57 -55 -54 -53 -53 -54 -54 -52 -50 -50 -51 -52 -51 -51 -54 -51 -53 -52 -50 -49 -50 -54 -51 -51 -49 -51 -55 -55 -56 -58 -59 -59 -58 -57 -59 -59 -60 -60 -60 -59 -58 -59 -59 -58 -58 -57 -56 -56 -56 -54 -55 -55 -55 -54 -53 -54 -55 -54 -53 -52 -53 -52 -51 -51 -50 -50 -50 -50 -51 -52 -53 -53 -53 -54 -54 -54 -54 -53 -54
-61 -59 -60 -57 -57 -57 -59 -59 -58 -57 -57 -56 -58 -57 -57 -55 -54 -52 -52 -52 -54 -54 -54 -54 -53 -51 -52 -51 -53 -52 -54 -52 -53 -53 -51 -53 -54 -54 -53 -56 -53 -56 -58 -58 -61 -60 -60 -60 -60 -59 -58 -58 -57 -58 -59 -59 -57 -55 -56 -56 -56 -56 -56 -55 -55 -54 -55 -54 -53 -53 -54 -54 -54 -54 -54 -53 -53 -53 -53 -53 -53 -53 -54 -54 -53 -55 -55 -56 -57 -56 -55 -55 -55 -56 -58
-62 -60 -58 -58 -57 -58 -58 -57 -57 -57 -57 -56 -56 -56 -55 -53 -53 -53 -51 -49 -51 -53 -52 -53 -54 -55 -54 -55 -56 -54 -54 -54 -52 -54 -56 -55 -56 -56 -56 -56 -56 -57 -57 -60 -60 -58 -59 -59 -58 -58 -57 -58 -56 -55 -56 -58 -59 -59 -57 -57 -56 -56 -57 -57 -57 -56 -56 -56 -53 -56 -56 -56 -55 -54 -54 -56 -55 -56 -56 -56 -56 -57 -58 -57 -58 -57 -57 -56 -55 -55 -56 -57 -56 -58 -58
-62 -59 -57 -58 -59 -59 -58 -57 -57 -58 -57 -56 -55 -55 -54 -54 -54 -54 -54 -54 -53 -53 -51 -55 -55 -56 -57 -56 -56 -57 -53 -56 -53 -55 -56 -56 -58 -56 -56 -56 -55 -53 -50 -54 -58 -59 -58 -57 -57 -58 -58 -57 -56 -54 -53 -56 -57 -56 -54 -54 -54 -52 -55 -57 -56 -56 -56 -55 -55 -56 -57 -56 -56 -54 -54 -54 -55 -56 -56 -56 -56 -57 -58 -56 -57 -57 -57 -56 -54 -53 -53 -53 -53 -54 -54
-59 -59 -58 -59 -60 -61 -61 -61 -61 -59 -60 -59 -58 -57 -56 -57 -56 -57 -57 -58 -55 -56 -54 -57 -57 -56 -56 -58 -57 -57 -56 -56 -56 -57 -56 -56 -56 -56 -55 -54 -54 -52 -51 -54 -56 -57 -56 -56 -56 -59 -59 -58 -57 -56 -56 -57 -56 -55 -54 -54 -54 -55 -54 -54 -54 -54 -54 -54 -54 -55 -55 -55 -52 -52 -53 -53 -54 -55 -55 -55 -55 -55 -55 -56 -56 -57 -55 -55 -55 -54 -53 -52 -53 -52 -55
-61 -62 -62 -62 -63 -63 -62 -62 -61 -61 -60 -59 -58 -57 -57 -58 -58 -58 -58 -58 -58 -59 -54 -57 -60 -58 -54 -56 -57 -57 -57 -57 -55 -57 -57 -57 -57 -57 -57 -56 -57 -58 -60 -59 -58 -58 -57 -56 -56 -60 -59 -59 -58 -58 -57 -57 -56 -56 -55 -55 -56 -55 -55 -54 -54 -54 -53 -53 -54 -55 -55 -55 -55 -56 -56 -56 -57 -57 -60 -60 -60 -60 -59 -58 -57 -57 -55 -55 -55 -54 -54 -56 -57 -59 -59
-64 -63 -61 -61 -62 -63 -62 -63 -62 -61 -60 -60 -60 -60 -59 -60 -60 -59 -56 -57 -57 -58 -55 -56 -55 -53 -53 -54 -58 -58 -58 -58 -59 -59 -60 -60 -60 -59 -58 -59 -60 -60 -60 -60 -59 -59 -58 -57 -57 -61 -60 -60 -59 -59 -59 -58 -58 -57 -56 -56 -56 -54 -56 -56 -57 -57 -57 -58 -57 -58 -58 -58 -59 -59 -59 -59 -59 -59 -60 -60 -59 -58 -59 -59 -58 -57 -56 -56 -55 -55 -55 -56 -57 -58 -58
-63 -61 -58 -57 -58 -60 -61 -61 -61 -59 -60 -59 -61 -61 -61 -62 -61 -59 -56 -56 -56 -57 -57 -57 -57 -57 -57 -58 -59 -60 -61 -61 -61 -61 -61 -61 -61 -62 -61 -60 -59 -58 -58 -58 -59 -60 -61 -60 -59 -60 -60 -61 -60 -60 -59 -58 -57 -55 -60 -60 -59 -54 -60 -62 -61 -60 -59 -59 -59 -59 -59 -59 -59 -58 -58 -58 -58 -57 -56 -55 -56 -57 -56 -56 -55 -55 -55 -55 -58 -59 -59 -58 -57 -57 -54
-65 -64 -65 -65 -64 -62 -62 -61 -61 -61 -61 -58 -57 -61 -61 -59 -59 -58 -58 -57 -55 -60 -60 -61 -61 -61 -61 -61 -61 -61 -59 -59 -59 -60 -61 -60 -60 -61 -61 -61 -61 -60 -59 -59 -60 -60 -61 -59 -54 -60 -59 -59 -59 -59 -59 -60 -58 -58 -61 -62 -61 -58 -59 -60 -60 -59 -58 -59 -59 -58 -59 -59 -59 -58 -58 -58 -57 -56 -57 -57 -57 -57 -58 -58 -58 -59 -60 -60 -61 -61 -61 -60 -59 -59 -59
-64 -64 -64 -64 -63 -63 -63 -64 -62 -62 -62 -62 -61 -60 -60 -59 -59 -60 -60 -62 -63 -64 -63 -62 -61 -60 -59 -60 -60 -59 -59 -60 -61 -61 -62 -60 -60 -61 -61 -61 -61 -61 -61 -60 -60 -59 -59 -58 -56 -59 -61 -60 -60 -60 -61 -62 -62 -62 -62 -61 -60 -60 -60 -59 -59 -59 -58 -59 -59 -60 -60 -60 -59 -59 -58 -58 -59 -60 -59 -59 -59 -59 -59 -60 -60 -60 -59 -58 -58 -58 -58 -58 -58 -58 -58
-64 -64 -64 -64 -63 -61 -62 -62 -62 -60 -58 -59 -60 -60 -62 -62 -62 -62 -63 -63 -62 -63 -62 -62 -61 -60 -60 -59 -60 -62 -62 -60 -60 -59 -59 -55 -56 -57 -60 -60 -60 -60 -60 -61 -61 -60 -60 -60 -60 -61 -60 -61 -61 -61 -61 -61 -61 -62 -61 -61 -60 -60 -60 -60 -60 -61 -61 -60 -60 -59 -59 -58 -58 -57 -56 -55 -56 -56 -56 -57 -58 -59 -60 -59 -59 -60 -60 -59 -59 -58 -58 -57 -57 -57 -56
-62 -62 -63 -62 -62 -62 -62 -62 -62 -62 -62 -62 -63 -62 -63 -62 -63 -63 -63 -63 -63 -62 -60 -61 -60 -61 -61 -60 -60 -60 -60 -60 -60 -60 -59 -59 -59 -60 -60 -60 -60 -60 -60 -60 -60 -61 -61 -62 -61 -61 -60 -61 -62 -62 -62 -63 -63 -63 -63 -63 -62 -62 -61 -61 -60 -60 -61 -61 -61 -61 -61 -60 -59 -59 -60 -59 -56 -58 -57 -59 -62 -62 -60 -59 -59 -59 -59 -58 -57 -58 -58 -59 -59 -61 -62
-60 -60 -61 -61 -61 -62 -63 -63 -63 -63 -62 -63 -63 -63 -62 -63 -63 -63 -63 -62 -62 -61 -63 -62 -63 -62 -62 -62 -62 -62 -62 -62 -62 -61 -61 -61 -61 -60 -61 -61 -61 -61 -61 -60 -60 -61 -61 -62 -62 -62 -62 -63 -63 -63 -63 -62 -62 -61 -61 -61 -61 -62 -63 -63 -62 -62 -62 -62 -61 -61 -61 -60 -61 -61 -61 -61 -61 -61 -62 -61 -58 -57 -55 -53 -57 -58 -58 -57 -57 -58 -58 -60 -60 -61 -62
-59 -59 -60 -61 -62 -63 -64 -63 -63 -63 -64 -64 -64 -64 -64 -65 -65 -64 -64 -64 -63 -62 -62 -64 -64 -65 -64 -65 -64 -64 -64 -63 -62 -62 -62 -62 -61 -61 -60 -60 -59 -59 -60 -61 -62 -61 -61 -61 -61 -60 -60 -60 -60 -60 -60 -59 -59 -58 -58 -58 -58 -59 -59 -59 -60 -61 -62 -64 -64 -63 -63 -62 -61 -60 -60 -60 -60 -60 -58 -58 -56 -53 -54 -57 -58 -58 -59 -59 -58 -60 -61 -62 -62 -62 -61
