english_channel/non_stat/bathymetry.bot
ncols        1078
nrows        432
xllcorner    -2.700000000000
yllcorner    49.100000000000
cellsize     0.004166666667
NODATA_value -32767
[rows 294 to 335 of 432, columns 665 to 759 of 1078]
-26 -26 -26 -26 -25 -24 -24 -24 -24 -23 -23 -23 -22 -22 -23 -22 -20 -19 -17 -15 -11 56 91 106 111 110 109 107 107 109 104 94 86 82 81 73 68 83 88 82 76 77 76 80 81 72 65 65 85 92 101 111 114 112 113 118 119 121 123 126 129 126 121 117 113 109 106 107 105 101 104 106 99 99 103 102 100 99 101 104 108 113 119 125 130 134 137 137 135 135 136 135 133 122 121
-25 -24 -25 -25 -25 -24 -24 -24 -24 -23 -23 -23 -17 -23 -26 -25 -20 -20 -14 -13 -8 3 73 94 104 100 96 97 104 105 101 102 99 99 102 96 84 84 96 94 89 92 92 97 98 90 86 79 75 74 80 101 110 108 108 111 113 117 122 127 131 131 127 122 122 119 117 116 111 108 111 109 105 100 100 103 104 103 100 102 108 116 119 123 126 130 133 132 134 134 131 129 127 124 115
-24 -24 -24 -24 -24 -24 -25 -25 -23 -23 -22 -22 -21 -25 -27 -30 -26 -20 -8 -9 -4 42 56 71 79 81 95 102 103 106 107 108 106 103 107 107 99 87 96 98 98 102 101 105 109 109 113 108 98 88 76 77 85 97 110 117 122 123 122 123 125 131 133 132 131 129 126 122 116 116 117 113 107 106 106 104 108 108 106 104 104 115 118 120 125 130 131 129 130 131 132 131 128 123 115
-24 -24 -24 -23 -23 -23 -23 -25 -25 -25 -24 -22 -26 -27 -28 -29 -26 -18 -11 -5 22 78 86 82 91 93 93 97 104 110 114 114 116 115 111 113 114 102 98 109 111 114 115 115 120 117 115 113 110 104 95 93 86 89 98 110 116 116 117 122 127 130 132 130 125 122 121 122 122 122 117 113 110 112 110 106 106 109 108 106 104 104 111 117 122 128 129 125 125 129 133 132 128 125 118
-23 -23 -23 -23 -23 -23 -23 -23 -23 -22 -22 -21 -22 -24 -27 -29 -28 -22 -12 -3 18 77 99 99 103 104 104 104 109 115 119 122 122 122 120 121 121 111 102 115 123 126 126 124 127 127 123 117 113 107 102 101 92 87 97 105 107 111 118 122 122 124 127 125 122 118 123 124 122 122 119 116 115 116 112 111 111 110 109 109 106 103 110 118 120 121 121 121 125 125 125 128 130 130 125
-23 -22 -22 -23 -23 -23 -23 -22 -22 -22 -21 -20 -20 -21 -25 -29 -29 -21 -4 -3 27 80 104 109 113 118 119 120 125 126 125 126 128 131 130 125 118 110 107 112 118 120 125 126 126 129 124 115 112 113 114 112 108 100 93 98 104 108 111 117 121 123 120 116 114 115 119 119 119 122 126 124 121 118 117 116 117 114 113 111 107 106 110 113 115 117 119 122 123 124 126 127 130 129 126
-23 -23 -22 -22 -22 -22 -22 -22 -22 -21 -20 -19 -20 -22 -23 -22 -20 -14 -2 25 65 102 110 116 121 127 130 131 134 134 133 133 132 132 132 131 128 122 115 110 109 110 114 116 118 122 125 125 127 128 128 129 127 120 110 103 99 98 102 110 117 119 115 108 107 110 112 115 120 125 128 125 124 124 122 123 120 117 116 112 111 109 109 110 115 121 123 125 127 128 129 129 130 130 128
-22 -22 -23 -23 -23 -22 -22 -21 -21 -21 -19 -18 -19 -18 -17 -16 -15 -11 -2 3 83 106 117 124 128 131 134 134 132 131 130 131 131 129 128 131 132 129 124 121 121 119 117 119 118 116 120 124 125 124 126 128 129 131 127 121 117 111 108 104 103 102 104 109 113 115 116 120 123 124 123 120 120 122 126 128 125 125 123 120 119 115 115 114 113 115 117 118 120 121 123 126 129 131 130
-22 -23 -23 -23 -22 -22 -21 -21 -20 -19 -18 -19 -17 -17 -17 -15 -13 -6 -1 62 103 113 121 126 130 131 130 130 128 124 122 123 125 124 125 129 130 126 125 127 129 127 126 124 119 116 118 120 119 122 125 128 131 132 131 129 125 122 121 118 112 110 105 103 103 107 111 113 112 114 115 116 119 121 124 122 118 118 121 122 119 117 118 119 119 119 119 121 124 124 124 124 126 131 132
-23 -23 -23 -22 -22 -22 -20 -20 -20 -19 -19 -17 -17 -17 -16 -15 -9 -3 3 93 115 120 121 121 122 124 124 125 124 120 116 116 117 119 123 126 126 123 123 125 126 128 128 126 124 120 118 119 120 120 124 126 127 130 133 134 133 133 128 123 120 117 110 104 104 112 117 117 117 120 124 123 123 121 119 118 117 113 112 113 111 108 112 116 120 128 132 126 126 129 129 126 126 127 130
-23 -23 -22 -21 -22 -20 -20 -20 -18 -18 -18 -18 -18 -15 -15 -12 -6 1 87 106 110 111 113 114 114 116 115 118 119 115 109 108 112 117 120 120 118 117 119 122 125 125 122 122 124 126 126 127 126 126 128 130 130 130 132 133 133 131 126 119 113 108 107 111 110 110 116 122 124 127 129 128 124 122 122 120 118 118 119 118 113 109 106 108 115 126 139 137 131 129 131 130 130 130 131
-22 -22 -21 -21 -20 -20 -20 -18 -18 -18 -17 -17 -16 -15 -13 -8 -1 70 102 102 103 103 105 107 110 110 109 115 114 109 103 103 108 111 113 110 110 112 113 117 120 119 117 120 122 123 124 125 127 125 125 127 128 129 126 123 121 117 112 110 109 111 115 115 112 112 119 122 125 130 134 131 128 128 127 124 123 122 122 120 117 112 108 107 112 113 124 136 136 132 133 134 133 134 134
-22 -21 -21 -20 -19 -20 -19 -18 -18 -17 -17 -16 -15 -14 -10 -4 3 87 96 97 98 96 98 103 105 107 105 106 104 106 103 96 98 104 105 102 104 105 107 110 112 114 118 120 118 117 119 121 121 121 124 126 129 128 124 120 117 114 113 114 114 120 121 119 121 120 121 123 125 130 133 135 134 130 123 117 114 112 112 113 112 110 106 102 105 104 107 117 132 134 131 132 135 136 135
-21 -21 -20 -19 -20 -19 -18 -18 -17 -17 -16 -15 -14 -11 -5 58 85 91 91 92 94 92 93 96 98 98 98 100 98 100 99 96 90 92 99 94 93 96 99 104 108 111 115 120 119 115 115 118 116 119 121 121 124 126 127 124 120 122 123 118 118 125 127 126 128 127 128 130 129 126 127 128 128 128 125 121 118 118 120 120 119 117 111 105 105 104 101 104 124 140 135 129 131 135 137
-20 -20 -19 -19 -19 -18 -18 -18 -17 -17 -16 -14 -12 -7 -2 65 84 86 86 85 87 86 87 90 89 87 89 91 90 94 95 92 87 86 90 89 96 101 104 108 110 111 114 116 112 109 111 112 112 117 122 126 127 127 129 128 126 130 131 124 119 121 125 129 131 130 127 127 126 122 121 127 128 126 126 124 121 120 118 119 123 124 119 115 113 110 104 101 105 125 130 124 124 128 129
-20 -19 -19 -19 -18 -18 -18 -17 -17 -16 -14 -12 -6 -3 42 74 81 80 79 76 76 80 84 84 81 80 80 83 82 85 88 86 79 78 88 94 96 100 102 101 102 107 109 106 102 104 104 107 112 115 117 119 120 121 126 130 132 132 132 130 127 128 130 131 129 128 127 124 126 122 120 124 121 120 123 123 121 119 118 115 122 123 117 114 112 114 115 108 101 99 110 121 121 120 124
-19 -19 -19 -18 -18 -18 -17 -17 -16 -15 -13 -8 -3 2 77 86 88 86 84 82 81 77 74 74 73 71 70 71 67 66 67 72 75 76 88 91 92 96 95 98 103 102 96 93 93 96 99 101 104 105 108 110 112 113 117 120 122 125 129 132 130 128 128 125 123 125 124 118 119 117 114 115 117 121 125 124 118 114 113 112 114 116 116 115 116 118 116 111 105 96 96 110 123 127 127
-19 -19 -18 -18 -18 -17 -17 -17 -15 -13 -9 -4 1 67 90 92 91 88 88 90 88 86 83 81 83 81 79 79 78 74 70 63 63 73 81 84 86 88 92 94 96 95 92 99 105 110 113 111 111 112 116 118 119 117 116 118 121 123 124 128 127 123 119 118 123 127 122 117 113 110 114 121 125 127 128 126 124 120 118 117 113 111 109 108 107 106 107 106 100 100 95 98 115 124 129
-19 -19 -18 -18 -18 -17 -16 -15 -14 -13 -3 1 71 84 93 95 93 93 93 93 92 91 89 89 90 93 93 91 91 89 84 73 61 63 71 75 74 80 85 87 90 88 91 98 104 108 110 111 115 118 120 121 121 120 120 121 119 116 119 123 121 116 116 120 123 124 124 117 111 112 120 123 120 119 122 121 122 122 122 122 121 119 115 114 114 108 106 104 108 110 105 96 99 111 120
-19 -18 -18 -17 -16 -16 -16 -14 -11 -3 1 71 90 92 93 94 96 97 97 97 96 96 96 95 95 97 98 99 98 95 92 87 71 53 62 71 75 75 74 81 88 97 103 107 109 112 114 117 119 121 122 121 118 115 114 113 112 110 111 113 115 118 120 119 120 121 122 120 112 109 113 117 114 115 116 116 118 115 115 118 119 120 121 120 117 115 116 116 117 116 112 103 91 93 111
-18 -18 -18 -16 -16 -15 -14 -11 -4 -1 65 88 93 96 95 95 96 97 98 100 101 101 100 100 100 101 101 102 103 101 99 93 74 53 70 86 91 91 87 87 94 101 107 111 113 115 116 116 119 120 118 118 119 115 115 114 113 113 109 108 114 117 115 114 116 117 121 120 115 107 105 109 112 116 117 119 119 117 113 109 110 113 115 119 118 115 113 111 108 108 103 97 91 84 97
-18 -18 -17 -16 -16 -14 -13 -8 -2 53 87 94 95 96 96 95 96 98 100 101 101 102 101 100 102 103 104 104 103 100 96 89 73 51 54 75 84 91 94 94 98 104 109 110 109 112 115 116 115 115 116 119 121 120 120 119 117 113 107 108 111 113 112 109 114 120 119 117 109 102 106 111 115 117 119 120 121 117 111 105 107 112 115 119 121 120 119 114 110 110 109 107 102 88 82
-18 -17 -16 -16 -15 -13 -10 -4 3 81 95 96 95 95 95 94 95 97 98 98 99 99 101 101 102 104 105 102 101 102 100 93 81 63 45 49 71 88 95 97 97 99 101 106 110 111 111 109 111 117 123 123 123 124 123 121 117 113 111 109 107 107 107 108 112 110 109 106 102 101 96 96 99 100 103 110 116 111 109 112 115 118 121 123 121 117 113 110 110 114 117 116 108 94 81
-18 -17 -16 -15 -13 -11 -4 1 63 91 96 95 94 94 95 92 92 92 94 95 94 95 98 101 103 105 104 102 100 99 100 99 95 88 63 46 67 82 90 94 91 94 99 103 104 105 107 113 116 119 120 118 119 122 123 123 123 121 118 114 111 109 106 105 108 107 109 111 111 109 107 102 97 97 94 97 102 103 111 114 115 118 123 122 118 117 114 106 109 116 118 116 112 99 82
-17 -17 -15 -13 -11 -7 -1 51 85 91 92 91 90 93 95 93 90 89 90 89 88 91 92 94 96 98 98 98 97 94 96 101 101 97 80 48 39 61 81 87 86 90 93 98 101 99 105 109 112 114 115 117 116 117 118 120 122 121 119 116 117 120 119 118 112 113 119 120 115 111 110 105 104 108 106 98 91 91 97 100 107 112 114 117 113 111 108 100 106 110 110 113 112 102 80
-16 -16 -14 -11 -8 -2 2 65 86 88 87 86 86 88 90 90 87 84 84 81 78 77 77 78 82 86 87 89 90 87 90 96 96 95 88 60 35 45 68 77 75 82 89 91 88 89 95 99 102 108 113 111 108 111 114 116 118 118 119 121 122 122 119 118 117 117 118 119 119 115 113 115 114 115 112 107 103 97 90 86 96 100 99 100 99 99 96 88 95 99 104 107 102 91 82
-16 -15 -12 -9 -3 1 58 77 86 88 87 86 85 83 82 81 80 78 78 77 74 73 72 67 62 63 68 76 81 77 79 86 87 83 78 50 31 38 53 60 59 67 74 78 85 91 94 96 100 104 109 107 104 105 107 109 111 113 118 119 115 113 110 109 110 112 113 115 118 120 119 121 126 123 118 112 108 103 100 92 86 92 90 85 80 78 82 77 72 69 72 72 66 64 64
-15 -14 -11 -4 8 53 82 86 87 84 83 84 85 84 83 84 85 84 84 83 81 81 83 81 75 66 55 50 55 58 63 78 79 65 50 31 37 50 59 67 73 73 81 88 92 95 99 102 103 105 106 104 101 102 106 107 109 112 116 116 114 110 111 113 114 116 120 120 121 123 122 124 126 120 115 111 107 111 109 100 96 96 96 94 94 97 101 104 103 94 81 84 84 85 82
-15 -13 -6 11 4 76 85 84 82 80 77 79 78 79 80 79 81 84 85 85 85 86 86 86 85 80 68 55 44 39 64 76 60 35 25 37 58 69 74 80 83 83 83 86 89 92 95 99 104 102 100 103 106 108 110 109 109 111 114 113 109 108 111 113 115 118 122 125 125 126 126 127 123 120 121 119 117 118 120 118 112 108 108 109 105 102 103 101 98 93 95 102 97 88 85
-13 -11 -3 2 73 91 93 90 88 84 79 76 72 66 67 70 74 78 81 83 83 83 82 83 83 78 71 64 47 37 52 44 25 26 46 66 75 80 83 86 89 88 92 96 98 98 99 100 97 95 98 103 105 105 104 107 109 108 107 104 106 110 113 116 118 120 123 124 122 123 127 131 129 127 127 126 126 125 125 123 118 116 118 117 116 111 105 98 93 90 96 102 104 102 104
-12 -6 -9 52 87 94 95 93 90 86 83 80 75 69 62 59 65 67 70 76 77 77 78 79 79 70 51 40 30 21 19 20 32 50 59 69 79 86 89 91 92 92 95 99 100 96 94 93 94 98 99 101 101 96 98 101 98 100 103 106 108 110 112 113 114 118 120 120 122 125 126 127 129 127 127 128 126 123 122 122 122 123 125 125 121 116 111 107 103 103 105 108 114 120 119
-9 -2 4 88 100 97 92 88 87 86 85 86 83 80 76 67 58 53 54 67 74 74 74 74 72 51 26 15 18 28 41 55 67 77 79 80 85 90 90 91 95 98 99 100 101 98 91 85 92 95 98 99 96 91 93 96 102 107 110 112 114 115 116 116 117 118 121 124 126 125 123 125 127 126 126 126 124 123 122 120 118 118 118 119 120 119 119 116 117 118 118 120 124 128 130
-4 1 80 92 92 90 87 86 86 83 80 78 78 78 76 74 70 58 49 64 69 69 74 77 72 45 16 16 51 73 78 82 86 87 87 86 84 82 84 88 91 96 100 103 103 99 93 85 78 79 88 85 80 85 95 101 104 108 110 110 110 112 115 115 115 116 118 121 123 122 121 121 123 124 125 124 124 124 126 125 123 120 117 115 114 113 115 116 117 116 118 124 129 129 130
-1 74 93 91 89 88 85 86 84 81 78 76 74 72 69 67 61 51 40 51 68 78 81 78 74 54 21 13 36 62 76 84 89 88 84 77 75 80 88 93 95 96 96 94 91 83 74 68 70 71 70 77 87 90 92 96 101 102 105 110 112 115 117 120 120 121 122 123 122 120 121 123 123 121 120 120 122 124 127 128 127 125 124 124 123 119 114 108 109 114 113 116 118 121 126
3 90 94 89 88 87 86 82 79 77 73 70 68 71 73 68 59 45 36 49 70 77 77 74 71 70 46 15 20 53 77 84 86 84 72 63 74 82 87 87 85 83 78 66 67 77 88 92 96 90 83 88 96 102 105 104 105 109 109 109 111 114 115 117 117 118 122 122 120 121 122 120 119 119 122 124 124 123 124 125 127 126 125 127 128 124 118 112 105 103 108 115 119 125 127
63 87 90 88 86 86 85 84 80 78 81 82 74 65 65 77 84 74 52 36 31 40 60 65 60 56 47 20 10 32 68 80 78 70 53 52 61 62 53 41 41 45 54 69 80 86 91 96 99 98 97 98 98 101 103 105 106 108 108 111 114 112 110 112 115 116 115 116 119 121 117 115 117 121 122 120 118 120 123 125 126 122 121 123 124 123 120 116 111 100 99 108 114 118 118
73 89 93 92 89 86 87 87 85 86 89 87 83 83 86 93 95 90 83 68 44 26 24 25 23 19 13 9 6 18 52 59 46 29 21 23 33 42 53 61 66 73 83 89 93 95 97 98 100 102 105 106 106 106 107 108 108 109 112 112 108 105 107 111 113 114 116 117 114 112 112 114 118 118 116 118 121 123 122 120 119 117 116 116 117 116 117 115 109 99 90 103 111 110 106
86 91 91 93 96 95 93 91 89 89 89 88 86 85 85 89 92 88 81 71 50 45 59 66 68 63 52 25 7 6 10 16 29 43 56 66 72 78 83 85 86 89 94 96 95 96 99 101 103 104 105 107 107 103 100 100 101 103 103 104 107 111 112 114 115 118 118 111 106 106 111 111 111 113 117 120 120 122 124 123 120 117 114 112 110 112 115 115 113 105 88 96 109 110 102
79 77 73 71 90 94 93 92 91 90 89 88 86 85 84 85 84 81 74 61 57 68 78 83 86 84 77 45 12 5 11 36 66 75 80 88 91 94 97 96 94 93 90 90 93 97 100 102 103 102 102 102 95 84 79 88 92 96 103 107 109 110 108 100 97 97 98 104 109 108 111 114 113 114 114 115 117 118 121 124 123 121 119 116 114 112 106 102 107 103 81 82 89 93 93
85 92 77 65 88 95 94 92 90 89 85 81 79 78 73 67 64 62 61 66 79 84 85 88 90 91 86 62 24 7 8 25 63 83 86 91 96 99 100 100 97 90 83 87 94 97 97 98 99 98 95 81 68 86 97 99 102 105 104 97 91 89 84 91 103 109 112 115 118 120 120 119 117 116 118 118 120 122 123 123 122 121 119 118 118 115 103 86 89 81 68 58 59 88 103
27 49 59 49 68 92 92 89 88 83 76 73 74 72 70 70 71 72 74 76 79 81 81 83 83 84 84 74 42 13 6 10 24 51 70 84 94 97 95 95 95 90 74 80 91 93 93 92 89 84 57 68 88 97 97 97 95 93 87 75 81 92 96 102 106 110 112 114 116 116 115 118 120 120 121 122 123 125 124 121 119 119 117 114 111 109 104 93 94 99 96 89 69 61 77
0 10 18 20 31 55 66 75 78 75 67 55 44 35 28 25 24 24 23 21 21 21 22 23 24 24 26 24 15 7 4 4 5 7 14 28 48 68 74 83 91 86 60 58 78 88 85 64 63 49 54 87 93 88 70 58 51 55 60 81 97 103 106 105 104 105 107 107 107 108 111 114 116 117 119 121 122 120 119 119 119 118 116 114 111 106 104 108 112 114 112 107 94 59 63
