english_channel/stat/bathymetry.bot
ncols        1128
nrows        480
xllcorner    -2.800000000000
yllcorner    49.000000000000
cellsize     0.004166666667
NODATA_value -32767
[rows 420 to 461 of 480, columns 380 to 474 of 1128]
0 0 4 8 4 1 0 0 0 0 0 1 1 0 0 1 3 4 4 4 2 1 0 0 0 1 1 1 1 0 1 1 3 5 12 24 33 43 46 49 49 49 51 51 51 52 53 53 54 54 51 52 48 37 28 24 26 28 32 35 38 37 34 28 29 29 34 37 41 44 46 47 44 42 44 48 49 48 44 42 44 42 37 36 34 33 34 37 41 45 47 46 50 52 53
1 7 16 13 5 1 0 0 0 0 2 5 3 2 2 4 7 9 8 3 1 1 0 0 2 1 1 1 0 1 1 1 3 8 17 29 40 44 47 50 52 55 58 58 54 46 37 32 32 31 33 34 28 22 22 24 24 26 30 35 38 37 33 29 31 36 39 37 36 39 41 44 46 49 55 63 60 51 53 54 51 46 44 44 46 44 46 52 53 55 54 58 64 66 68
1 8 11 10 9 4 3 2 3 4 7 6 4 5 7 9 13 16 16 8 3 1 1 3 6 4 1 1 0 0 1 1 3 12 32 43 40 44 52 54 54 52 53 51 41 30 21 15 14 19 25 22 18 21 24 26 26 28 32 36 37 33 29 28 32 38 42 40 40 44 50 56 60 64 67 66 57 60 62 58 55 53 51 55 58 53 54 60 63 62 61 68 74 78 79
3 6 9 14 16 15 14 13 14 17 15 11 9 9 17 22 25 31 32 24 14 10 8 11 15 9 3 2 1 2 2 2 2 3 17 28 25 33 38 37 33 28 26 20 14 11 11 12 12 15 15 16 21 26 28 29 30 32 35 36 36 34 32 36 40 44 44 47 54 58 62 68 72 74 70 58 57 63 63 60 62 63 61 64 63 60 64 69 70 66 66 71 77 82 85
5 12 18 21 23 22 25 27 30 33 31 27 19 15 20 30 37 41 41 39 28 17 14 22 20 10 7 8 5 2 2 2 2 4 3 5 6 10 14 13 12 10 7 8 11 13 14 14 15 17 16 16 20 24 26 29 31 30 30 33 36 39 49 55 59 57 53 57 60 63 66 70 72 69 62 59 62 67 70 71 74 75 73 71 67 68 72 75 74 69 70 75 79 82 83
6 10 15 18 21 25 30 34 38 40 39 35 32 32 32 34 36 39 43 42 38 35 30 27 23 21 19 11 5 3 2 2 3 5 6 4 2 3 6 7 7 5 5 5 6 9 11 11 13 16 17 16 17 19 21 22 24 25 29 36 39 45 63 69 70 65 57 59 63 69 74 75 74 70 66 67 73 78 81 83 86 86 83 78 75 75 81 82 77 73 74 79 83 85 83
4 7 12 19 20 19 23 29 35 40 41 39 38 39 39 41 41 42 43 44 43 41 41 41 41 40 30 18 15 10 5 3 4 8 10 8 3 5 11 13 10 6 5 6 8 9 11 12 15 18 19 19 19 20 24 27 30 38 48 58 58 51 59 67 71 67 62 63 69 73 76 78 79 77 71 74 81 86 90 91 94 96 92 86 87 88 91 87 83 79 81 86 87 87 84
8 11 8 9 8 9 13 20 32 38 40 42 43 43 43 43 43 43 44 45 44 44 43 40 36 33 27 20 21 14 5 3 4 10 14 13 7 7 15 18 16 17 16 15 13 14 15 17 21 23 23 25 23 23 26 30 36 51 62 66 64 58 54 57 63 68 69 67 69 73 78 81 84 85 84 79 80 92 95 94 97 100 98 96 99 104 103 97 90 87 90 95 95 90 87
4 12 16 17 14 13 18 22 27 35 41 43 43 43 44 42 37 39 43 45 46 45 41 37 35 30 26 20 13 5 2 2 5 16 29 29 18 12 20 30 34 36 37 36 28 24 24 27 30 30 31 31 30 31 32 37 40 42 47 51 57 63 60 56 59 68 70 71 71 74 80 87 93 96 95 92 89 88 92 96 101 105 109 114 115 116 111 104 98 99 100 100 97 96 98
13 23 29 25 19 21 27 31 32 33 35 37 40 42 37 32 36 39 42 45 47 47 44 44 45 41 35 30 22 6 2 4 10 22 34 37 34 23 16 14 19 27 33 35 36 37 39 41 40 38 38 39 41 39 41 47 48 50 52 55 61 67 68 66 63 64 69 73 77 79 84 93 99 103 102 99 93 89 94 97 101 111 120 125 128 127 116 108 104 105 106 106 105 105 103
30 35 36 32 28 32 37 36 35 33 31 31 32 31 26 27 29 34 41 45 47 49 49 50 48 45 43 38 20 5 3 9 16 22 30 38 41 39 36 32 27 19 19 28 31 34 35 36 38 37 41 45 47 48 50 54 56 59 61 64 69 74 76 76 75 69 70 74 79 84 89 98 101 105 110 109 101 98 99 108 112 113 123 127 125 123 115 109 109 111 107 101 95 91 84
33 36 39 35 30 28 28 26 30 30 26 25 21 17 17 20 23 26 30 36 41 45 50 52 49 45 38 26 13 5 9 22 30 31 31 33 31 31 31 34 39 39 35 31 30 31 30 37 41 40 37 42 46 47 53 57 61 67 69 70 72 76 81 83 83 78 72 74 79 85 90 96 104 111 114 116 117 119 118 115 118 121 124 126 127 128 125 120 116 117 112 102 84 65 65
14 16 19 20 17 14 12 14 19 19 15 13 12 14 17 21 25 28 33 40 46 49 49 47 45 40 32 22 11 8 15 24 31 37 36 29 24 25 29 33 36 41 44 41 41 47 44 43 47 47 49 53 55 50 44 51 64 69 72 75 78 81 84 86 86 84 78 82 83 87 93 99 104 109 112 116 119 122 125 127 127 123 125 129 135 135 124 113 107 104 78 63 68 79 89
4 3 2 4 6 6 7 9 10 10 8 9 13 18 24 29 31 35 38 42 47 49 47 43 40 34 29 24 15 19 27 31 35 36 29 21 21 27 34 37 39 43 46 47 47 50 52 48 44 46 51 57 61 60 56 54 53 54 59 68 76 79 80 82 86 88 86 90 92 90 94 98 102 110 119 123 123 123 128 134 132 129 130 134 134 124 110 100 87 75 64 72 93 103 104
9 6 4 4 3 4 5 5 5 6 7 9 15 23 28 32 37 43 44 44 47 50 49 45 39 33 28 20 13 22 30 33 27 21 18 18 23 27 32 39 44 48 51 51 50 54 58 55 50 53 58 62 66 69 67 68 69 65 65 62 62 64 73 84 91 93 91 93 96 94 94 95 101 112 123 125 125 131 136 138 137 137 136 136 128 118 105 85 69 62 77 98 110 116 117
8 4 3 3 2 3 5 6 8 7 7 12 14 18 26 35 43 52 56 56 52 47 40 33 29 20 12 8 9 14 18 15 13 18 21 21 22 27 35 43 50 54 58 59 60 61 63 60 59 65 70 74 79 80 74 72 80 79 81 81 79 76 76 87 95 98 98 97 97 98 99 99 106 110 116 126 133 140 142 138 134 130 128 125 118 110 99 81 64 66 85 101 113 120 124
7 5 3 2 2 5 9 11 11 9 9 14 17 20 28 45 57 60 57 51 46 42 37 27 13 6 7 12 15 14 11 13 14 16 23 25 27 35 46 53 61 64 67 69 69 68 69 67 70 75 80 87 92 91 80 76 85 86 90 90 87 83 78 82 89 93 97 101 105 108 106 104 114 124 129 137 141 140 133 126 118 108 104 99 97 95 85 71 66 79 91 104 116 123 127
15 10 5 3 3 4 10 15 15 13 9 11 17 24 34 47 55 59 56 47 40 43 34 17 9 10 10 14 16 17 15 14 15 18 21 27 39 50 58 63 68 71 74 77 77 74 77 78 78 84 89 94 99 94 81 83 94 97 98 97 95 90 84 75 79 91 100 106 113 115 114 122 130 136 141 142 136 126 121 115 104 88 85 84 78 69 63 72 94 109 113 115 120 123 124
19 20 19 14 8 8 12 17 18 15 11 11 18 33 47 60 67 65 57 50 40 32 22 11 14 18 16 13 18 19 20 19 19 23 30 39 50 62 68 71 75 77 80 85 85 84 89 90 87 91 98 103 101 90 89 98 105 108 110 111 110 105 98 87 86 101 112 120 123 121 121 130 137 143 144 137 125 115 106 105 102 96 97 92 86 77 70 89 106 109 108 108 111 114 117
13 14 18 24 21 18 20 22 19 16 12 16 27 39 56 70 72 66 58 50 42 30 17 21 27 29 22 18 20 24 26 27 36 48 55 54 62 75 81 84 85 87 91 95 93 92 96 100 98 100 105 107 98 88 97 106 115 120 122 123 120 113 98 87 88 104 112 117 122 123 124 131 137 142 138 131 131 125 120 118 110 109 109 104 96 88 76 83 91 96 101 107 111 118 125
16 17 17 21 26 28 29 27 21 17 14 17 25 35 51 68 72 66 58 50 35 18 24 37 40 39 31 29 31 34 40 53 67 75 75 67 71 85 92 96 99 100 102 105 105 107 107 107 110 111 112 108 96 92 96 105 117 125 125 117 107 97 98 108 104 103 111 119 127 132 135 138 143 147 147 140 134 132 128 123 120 120 120 114 110 100 81 74 80 87 95 103 111 116 120
22 22 21 26 35 38 36 31 24 18 19 24 35 44 58 72 69 60 51 38 21 20 30 40 49 53 47 46 53 54 60 67 77 84 87 81 76 84 90 99 105 108 110 114 115 118 116 114 119 120 118 108 100 104 108 107 116 125 120 104 93 88 104 118 124 126 126 131 138 140 136 134 136 136 138 134 129 128 125 122 119 116 113 109 100 85 77 81 86 85 86 96 99 100 111
27 26 22 29 43 48 41 32 25 21 27 41 58 68 74 78 73 64 51 30 20 36 44 41 50 64 63 55 62 69 75 82 90 96 99 90 83 90 92 93 101 108 115 121 130 129 122 125 128 128 121 110 112 112 117 115 118 125 121 109 97 89 100 112 122 130 132 129 124 121 118 119 124 131 131 125 118 115 116 117 115 111 102 88 79 82 95 97 93 90 85 86 88 91 98
31 29 27 37 49 47 38 32 27 23 39 62 75 80 79 76 71 56 36 25 36 47 54 53 52 58 65 62 66 80 88 94 97 102 105 96 92 102 106 104 108 112 118 128 136 138 134 137 141 132 120 115 122 121 124 125 124 128 123 115 109 96 90 104 113 114 107 104 105 107 111 118 126 130 123 114 108 106 104 102 98 94 90 82 79 91 98 101 104 103 98 98 98 95 99
37 36 34 43 47 40 35 32 26 29 46 68 77 76 72 63 54 42 27 33 44 46 52 59 64 65 66 73 74 84 90 91 96 104 111 111 109 114 122 123 125 127 129 134 137 138 140 142 143 137 130 125 130 129 132 132 133 133 130 124 114 102 94 92 93 95 102 111 116 119 121 125 129 125 117 113 112 109 104 98 93 93 94 84 83 90 100 114 126 124 120 113 102 101 110
44 43 41 45 49 46 39 29 28 40 59 74 73 67 65 56 35 19 25 34 36 44 59 71 76 79 75 81 86 84 89 95 101 112 121 125 124 128 133 134 133 131 129 126 128 131 128 128 133 139 140 137 144 148 151 154 152 144 133 124 128 125 111 105 100 94 104 111 115 123 129 131 130 124 119 116 111 106 100 96 100 102 94 80 75 81 92 107 118 121 122 118 111 110 114
55 55 59 62 65 64 51 37 50 69 72 65 57 45 37 25 14 23 35 43 54 61 67 77 86 89 86 90 98 103 106 111 116 123 127 132 134 131 125 123 119 116 112 111 116 111 111 119 134 147 152 154 159 172 183 185 179 163 148 148 149 138 125 113 102 95 96 101 108 119 126 129 128 127 120 112 107 105 110 121 128 120 99 83 75 74 81 91 106 119 126 127 126 126 121
69 75 79 79 75 61 48 57 72 77 67 55 54 49 51 36 13 22 39 53 66 76 81 90 99 100 98 100 107 114 118 119 118 117 121 122 122 114 111 109 96 91 92 98 103 117 130 142 146 153 162 169 177 184 182 176 167 159 154 150 140 127 116 111 110 102 101 103 105 113 117 120 124 128 124 120 120 126 133 140 135 118 97 87 79 79 88 95 110 125 135 140 143 139 131
84 85 79 71 61 49 60 74 75 70 62 60 65 60 60 48 30 22 28 45 58 68 75 86 94 98 102 104 106 109 110 106 105 108 107 104 108 101 84 78 82 99 112 123 131 139 146 147 146 151 155 163 172 172 162 154 151 147 143 135 126 120 120 117 110 104 107 111 109 108 114 121 127 133 136 135 134 132 123 115 108 98 93 86 80 87 97 107 117 129 139 147 150 148 140
93 91 83 75 58 53 70 69 66 69 67 71 73 66 62 57 49 39 41 40 31 30 45 62 69 67 63 65 78 90 98 90 91 98 89 89 92 77 75 93 107 118 130 135 132 127 128 126 130 138 146 154 156 151 144 142 147 148 143 137 132 126 119 112 109 113 118 116 115 115 114 120 130 135 132 127 124 118 108 99 97 88 82 81 87 94 101 107 119 136 147 153 155 150 143
101 97 91 82 64 49 52 61 70 76 77 81 81 76 75 60 45 60 71 74 66 35 23 25 21 24 27 24 31 62 69 63 76 80 67 65 61 61 77 91 105 111 111 106 104 111 117 119 121 123 134 139 133 131 136 144 150 151 143 135 130 124 119 119 115 121 126 124 125 124 121 128 138 138 131 123 111 103 98 95 94 88 90 102 116 128 132 126 124 139 144 149 153 152 150
101 94 81 69 61 52 54 61 72 81 87 91 93 89 87 73 54 58 65 67 63 50 46 48 49 49 44 30 21 32 38 44 50 55 63 73 75 79 80 82 87 90 95 100 107 108 100 97 101 108 118 126 131 139 147 155 162 158 148 138 130 127 128 124 122 128 137 136 130 125 129 139 146 145 134 122 110 104 110 114 108 97 104 122 135 143 139 128 122 122 125 132 143 153 154
92 82 77 74 60 51 60 65 70 79 90 99 101 94 84 70 55 51 55 63 63 57 56 57 54 49 35 21 23 33 38 43 48 55 61 66 73 81 90 96 98 95 92 87 88 90 97 102 108 118 123 128 137 148 158 162 159 154 148 139 136 139 136 134 134 138 144 139 133 132 138 146 148 140 130 122 117 128 142 137 113 96 106 119 131 140 140 137 137 131 124 125 129 132 137
93 90 88 74 56 59 73 80 81 87 100 104 96 77 67 63 66 71 74 73 66 50 32 21 21 23 28 33 35 40 46 48 50 56 61 65 74 83 85 81 76 71 75 83 91 96 98 101 106 109 113 122 135 140 141 144 144 145 150 151 152 150 148 152 152 159 157 148 147 151 157 157 146 135 131 131 129 140 139 123 101 87 94 108 119 124 128 135 137 132 129 131 133 131 131
98 92 85 70 58 68 82 92 96 99 102 96 90 82 77 74 78 80 74 68 59 35 19 31 40 41 46 50 58 64 66 65 68 72 79 84 88 85 76 68 66 74 82 88 91 88 85 87 92 101 108 114 118 121 128 133 139 151 163 170 168 161 170 180 178 175 166 163 169 175 170 159 152 151 146 141 143 140 123 107 93 88 97 105 106 108 113 118 122 126 131 136 139 140 140
89 80 71 64 57 66 80 84 89 95 95 92 93 91 90 88 82 73 67 58 46 30 27 45 55 57 59 64 71 79 83 85 88 92 97 97 93 88 78 71 76 80 82 82 79 80 79 83 90 96 98 107 117 126 136 146 152 168 185 192 184 181 188 192 187 174 168 174 183 189 183 178 176 167 158 150 142 135 119 101 90 88 95 97 101 106 111 116 122 130 140 148 151 151 148
82 80 77 67 63 68 75 84 91 96 88 81 84 79 80 84 78 63 52 50 44 28 27 50 64 72 74 76 78 84 92 87 83 90 98 94 84 73 62 57 58 61 63 68 73 77 82 89 98 105 104 107 117 134 149 165 173 181 201 211 200 187 177 183 186 170 156 159 169 173 175 172 165 157 149 139 127 118 108 99 92 89 93 95 100 104 109 115 121 130 144 160 167 167 163
87 79 69 60 68 75 78 84 91 94 84 71 71 66 60 59 54 47 41 36 33 31 22 25 42 60 60 63 67 68 80 71 60 73 85 81 71 56 52 57 64 69 69 71 80 90 100 106 115 125 128 126 126 140 160 181 194 199 203 201 187 163 154 171 172 158 140 140 147 148 155 155 145 138 135 134 127 121 114 103 92 90 97 107 115 119 124 130 138 145 154 166 178 185 185
87 79 67 63 70 75 83 91 94 93 84 67 54 59 70 73 65 53 45 38 37 35 30 25 19 17 17 20 26 37 59 55 51 64 67 55 48 59 70 72 79 86 86 82 92 106 118 131 144 154 155 149 150 161 170 180 187 181 185 186 168 148 132 135 140 131 127 134 139 148 154 151 146 141 135 127 121 117 110 101 95 101 111 115 116 117 122 127 133 142 156 169 181 193 200
79 67 65 75 86 92 95 90 85 83 73 57 57 64 72 76 70 57 46 39 37 44 48 41 29 30 32 28 24 24 26 27 31 38 42 39 47 66 84 93 99 105 104 104 104 109 123 140 157 169 168 159 157 160 160 163 162 151 155 150 136 122 113 118 116 113 118 127 137 143 142 139 134 130 126 120 112 108 105 100 95 93 99 105 111 116 123 130 137 146 157 169 177 183 191
68 68 75 86 95 95 88 76 66 61 60 61 68 75 77 73 64 55 51 50 55 57 46 36 38 47 52 46 40 44 43 28 19 22 31 42 55 68 80 95 105 108 111 113 120 129 137 142 144 145 139 134 138 134 126 133 128 114 112 111 109 101 103 112 120 130 132 133 137 135 129 123 117 114 114 111 106 102 97 96 98 95 91 95 103 111 118 125 133 141 145 150 155 161 170
70 77 87 94 94 88 78 64 57 61 68 71 73 82 83 72 64 66 66 71 70 55 45 55 64 63 64 57 46 46 57 45 25 20 22 31 43 52 60 72 79 85 98 114 128 132 125 115 114 114 110 115 122 113 101 93 88 88 94 101 99 99 111 129 147 157 157 152 148 141 130 122 117 114 112 112 110 104 100 102 101 97 94 95 100 105 112 118 122 127 138 148 159 173 183
