english_channel/stat/bathymetry.bot
ncols        1128
nrows        480
xllcorner    -2.800000000000
yllcorner    49.000000000000
cellsize     0.004166666667
NODATA_value -32767
[rows 294 to 335 of 480, columns 760 to 854 of 1128]
-10 -9 -8 -7 -4 -1 84 90 95 109 115 115 109 111 113 116 119 119 120 119 117 116 117 114 113 112 112 111 111 112 112 113 113 114 112 109 106 106 105 105 106 108 110 108 103 99 100 105 109 109 108 109 112 113 113 112 114 117 117 116 114 104 82 57 30 27 49 79 85 78 85 99 103 105 106 107 109 108 104 102 107 108 110 115 119 121 123 125 127 127 126 124 122 121 120
-2 75 83 91 111 121 121 120 115 115 116 115 113 113 114 118 121 121 122 119 118 120 119 118 118 118 118 118 117 116 115 114 114 115 112 109 110 113 112 111 110 112 111 109 106 106 104 101 102 105 108 111 113 115 115 115 116 116 113 109 107 84 51 31 30 56 79 89 92 88 86 86 89 93 95 100 103 100 100 104 107 111 115 118 119 120 123 128 129 126 125 126 129 130 130
-2 35 54 62 86 109 105 101 100 103 112 109 106 107 106 111 115 117 116 112 110 113 112 114 118 120 119 118 120 121 120 119 119 116 111 112 116 118 118 117 116 115 114 117 116 112 108 104 103 108 111 111 113 115 117 116 113 109 104 89 68 41 29 38 74 108 113 107 103 100 99 102 102 100 99 101 100 101 101 105 110 114 118 120 121 121 122 123 124 124 125 130 130 126 127
2 3 8 10 19 45 52 58 83 103 113 103 90 93 103 110 113 110 106 106 105 103 106 112 116 114 111 115 119 119 118 117 116 114 112 114 117 119 120 121 120 117 116 115 113 109 106 106 109 113 114 114 114 115 112 106 103 93 84 65 41 32 55 89 111 121 124 120 114 110 104 103 106 105 105 108 111 111 110 111 114 117 117 117 115 114 117 117 116 113 116 120 122 126 129
38 28 24 19 12 11 11 16 35 65 88 77 88 106 112 116 117 114 102 99 110 107 97 89 98 102 107 114 118 119 120 121 120 117 115 114 116 118 120 120 117 115 112 109 108 106 106 107 110 113 113 109 107 103 99 92 78 76 72 59 43 33 58 96 104 111 118 119 106 77 66 69 72 80 82 90 102 111 116 114 111 109 106 106 102 96 97 101 104 106 106 111 120 126 127
64 42 53 66 53 44 35 22 16 17 26 33 45 55 68 80 98 89 64 67 86 85 72 88 100 104 108 113 113 107 102 104 105 109 113 109 114 121 125 127 125 122 117 113 110 110 110 109 107 106 104 98 94 92 87 81 86 95 89 73 61 43 36 53 69 83 78 71 64 55 70 80 84 85 80 73 71 77 80 77 81 90 91 84 83 94 99 97 94 94 94 101 111 116 116
79 63 50 77 91 93 80 48 27 45 43 31 32 29 27 28 29 30 32 33 37 37 37 49 69 86 96 83 69 61 58 59 59 63 72 91 111 118 125 125 127 128 123 116 118 120 115 113 112 107 101 97 97 93 94 99 101 105 107 102 84 64 51 38 35 38 39 50 72 85 91 93 101 112 112 108 101 90 87 86 94 105 111 115 110 112 115 114 113 108 103 100 98 102 105
87 75 64 82 94 98 93 71 40 66 86 85 88 87 86 76 57 63 85 75 55 49 51 69 60 49 50 56 66 66 74 87 93 93 73 65 73 80 100 115 120 126 122 122 127 127 120 115 109 104 102 103 100 101 103 104 101 99 97 94 88 82 86 78 68 66 52 49 82 100 102 102 101 105 115 116 115 114 108 100 104 110 112 122 124 123 126 127 120 111 110 106 106 116 121
93 79 71 85 93 101 100 78 42 36 46 77 98 105 107 105 94 87 103 104 97 84 65 83 108 103 101 104 108 112 114 117 113 100 95 94 89 68 68 72 82 107 114 115 122 125 121 114 112 114 112 106 100 101 106 107 103 99 96 100 102 95 97 102 104 92 69 50 57 94 107 110 110 108 110 117 122 120 113 112 119 125 126 126 126 126 129 132 127 118 119 122 111 113 125
98 86 81 86 98 107 108 95 68 50 38 55 86 97 104 109 108 100 102 107 108 101 80 80 106 114 119 122 122 124 125 126 127 122 117 113 113 108 102 92 76 89 103 115 118 122 123 120 120 122 117 114 110 103 104 110 113 109 107 108 102 100 106 109 104 99 97 77 50 54 78 100 112 115 117 121 127 124 118 120 118 118 124 130 135 135 136 137 138 133 130 129 126 115 115
101 92 85 86 97 104 110 112 101 74 48 39 50 83 103 110 113 109 107 111 108 100 85 79 101 105 111 119 125 127 128 126 122 120 119 115 114 114 110 102 80 82 96 105 107 115 121 123 126 128 126 123 118 115 112 114 119 120 118 112 109 109 112 115 106 103 109 101 82 63 52 56 73 100 123 128 126 121 115 115 116 121 126 130 136 141 144 144 145 144 140 137 135 130 120
106 96 84 82 87 99 110 116 112 93 73 53 49 83 103 111 117 118 114 114 110 107 99 84 82 90 104 113 120 127 129 129 125 120 116 115 114 116 115 106 86 88 109 114 116 115 119 124 128 130 130 130 130 124 116 113 113 117 121 119 119 120 120 122 120 120 114 110 100 88 80 66 55 60 102 125 125 118 111 105 111 117 127 136 133 137 141 140 138 137 136 136 134 130 125
107 97 92 95 93 101 113 118 115 107 87 68 51 52 86 111 119 121 120 118 116 115 109 102 96 87 85 98 115 121 124 124 125 124 122 123 123 120 117 111 95 87 103 117 121 121 123 126 126 125 124 124 126 128 125 120 118 118 124 129 131 131 130 134 136 130 122 111 102 104 104 95 75 55 75 102 106 101 97 97 101 105 113 120 118 122 125 125 124 125 128 130 132 133 133
108 101 99 102 104 102 111 119 122 119 108 89 70 56 82 107 119 123 124 124 119 114 111 110 110 110 105 96 102 111 117 116 117 121 124 125 127 126 124 121 106 88 91 109 116 120 121 124 127 124 119 117 120 127 131 129 124 122 124 130 137 140 139 140 134 129 126 120 117 115 108 100 87 70 58 62 79 93 105 113 110 110 114 120 125 123 121 122 125 132 136 133 132 132 136
110 107 108 111 109 106 106 115 124 124 116 105 70 62 100 115 121 122 119 122 125 125 123 117 115 116 113 110 107 102 106 113 116 118 122 126 126 125 127 126 118 109 103 96 97 105 111 116 120 119 114 116 117 121 125 128 127 124 126 132 138 138 136 138 137 137 135 131 122 113 108 103 104 104 86 60 81 101 112 117 118 119 119 119 122 125 128 133 138 142 143 139 135 135 139
114 114 115 116 116 113 110 113 121 125 123 114 83 56 76 96 105 107 112 117 119 125 125 125 122 121 121 119 114 112 111 109 109 111 116 122 122 124 126 124 119 116 117 117 112 105 101 102 112 114 111 111 110 112 114 115 117 124 130 132 135 134 135 140 139 134 132 129 124 120 119 118 118 118 108 83 65 70 99 111 116 122 125 128 129 128 130 135 138 142 145 141 137 138 138
119 120 117 115 113 112 111 113 118 122 122 105 79 63 56 58 58 63 72 77 90 111 119 126 127 126 128 128 122 119 117 115 115 116 116 115 119 124 126 124 122 124 124 124 123 121 113 102 107 116 117 118 118 119 120 118 116 117 119 121 124 125 130 137 139 135 130 125 121 117 114 113 116 119 117 108 92 69 91 111 114 114 118 123 130 136 136 134 135 140 144 145 145 146 147
116 117 117 116 115 116 122 124 121 122 123 115 101 90 98 97 91 91 96 86 70 74 92 111 119 122 123 125 126 124 124 122 120 120 118 117 117 120 124 125 126 127 126 123 122 121 117 106 103 114 121 125 126 124 123 122 120 120 122 120 122 125 131 134 135 132 126 121 119 117 114 114 111 108 110 109 91 69 73 99 106 111 120 123 126 130 130 129 134 138 136 135 140 144 148
113 117 118 116 115 117 121 122 123 126 128 127 123 110 111 119 122 120 118 118 106 98 88 80 79 83 97 114 121 122 121 123 123 120 118 119 121 120 122 126 128 127 124 121 117 114 112 107 107 118 126 128 129 128 126 125 124 125 126 123 121 121 123 126 132 135 134 129 125 123 122 123 121 117 116 117 112 97 74 70 77 83 106 121 125 129 127 119 120 125 124 127 134 138 140
115 117 115 113 111 114 117 119 121 123 127 130 125 115 112 120 125 127 125 124 118 113 108 103 98 89 81 87 102 114 119 123 124 122 121 122 124 122 122 124 128 126 123 122 120 116 110 108 115 118 124 128 132 134 133 131 130 129 127 126 126 125 124 126 126 127 129 130 128 123 121 119 120 121 122 124 122 110 83 86 99 85 90 110 113 116 116 109 103 109 108 110 115 127 133
114 117 115 114 113 110 110 111 115 120 124 128 128 125 124 124 127 130 131 125 121 114 116 119 116 111 106 101 92 97 114 121 125 126 125 124 125 125 123 123 126 129 126 124 122 118 112 108 108 116 123 127 132 133 131 129 130 131 130 130 128 127 127 127 127 129 128 125 123 122 119 115 112 114 116 117 117 103 91 117 121 108 93 91 91 93 102 106 116 124 129 127 119 115 114
116 118 117 116 115 114 112 108 111 116 121 125 128 131 129 128 130 133 132 127 122 119 121 124 124 119 109 102 103 96 114 121 123 125 126 128 128 127 126 128 129 126 121 120 121 119 116 112 109 112 117 121 124 125 125 128 131 133 131 130 130 129 127 127 128 128 125 122 119 116 116 116 112 108 106 101 96 86 95 117 125 126 119 114 112 109 113 117 123 129 134 136 133 130 127
110 109 113 117 115 111 110 106 107 117 123 126 128 132 134 133 133 133 131 129 127 127 127 129 126 113 107 109 100 100 109 115 120 124 126 128 129 129 129 129 127 124 124 123 119 114 109 112 118 117 114 115 118 123 127 128 130 132 134 133 131 129 129 129 128 125 123 121 122 124 122 120 118 114 114 109 94 104 111 119 127 132 129 127 132 131 128 126 125 131 137 140 139 133 125
97 98 109 116 112 108 105 103 108 116 119 122 127 133 137 138 136 134 130 130 128 124 123 125 120 113 119 121 119 119 116 113 114 117 121 123 126 129 130 127 124 122 121 120 116 114 112 116 121 124 122 119 119 123 126 127 127 131 134 134 133 133 133 132 129 128 128 126 125 122 119 116 113 117 119 106 95 110 117 120 128 135 136 137 139 140 140 138 134 130 133 137 139 136 129
106 99 99 103 102 100 99 101 104 108 113 119 125 130 134 137 137 135 135 136 135 133 122 121 116 113 124 128 127 127 127 124 123 121 119 119 121 125 128 128 126 123 120 120 122 119 114 117 122 125 125 123 121 123 127 131 133 135 134 134 134 135 134 132 134 134 131 129 126 122 120 121 122 123 118 101 103 116 117 119 124 128 130 131 133 138 142 141 137 133 135 140 138 135 131
109 105 100 100 103 104 103 100 102 108 116 119 123 126 130 133 132 134 134 131 129 127 124 115 113 118 125 130 131 131 131 132 130 127 125 124 126 125 125 128 128 122 122 126 125 123 119 117 124 127 128 127 126 127 126 129 133 135 136 135 135 136 136 135 137 135 134 132 129 126 123 125 127 125 121 108 102 117 124 127 130 131 133 136 137 139 143 142 140 139 137 139 138 135 131
113 107 106 106 104 108 108 106 104 104 115 118 120 125 130 131 129 130 131 132 131 128 123 115 116 123 125 127 128 128 130 133 133 132 130 128 130 130 129 127 126 123 122 126 128 128 124 116 119 126 129 130 131 131 129 129 134 136 137 138 139 140 140 139 138 136 135 133 129 127 128 126 124 121 116 106 98 109 120 122 127 132 135 138 142 144 145 144 143 140 139 140 138 138 135
113 110 112 110 106 106 109 108 106 104 104 111 117 122 128 129 125 125 129 133 132 128 125 118 114 116 119 121 123 127 134 137 135 134 133 133 133 134 132 128 126 126 124 124 125 127 128 124 119 118 123 129 132 134 133 131 131 133 134 138 140 139 139 139 138 136 134 132 131 131 129 126 123 119 119 118 114 105 112 121 126 132 136 140 144 144 144 145 146 144 143 145 143 141 138
116 115 116 112 111 111 110 109 109 106 103 110 118 120 121 121 121 125 125 125 128 130 130 125 118 117 123 125 122 124 127 128 128 129 130 131 133 133 131 131 131 128 128 129 128 128 129 126 123 121 121 125 128 130 134 135 134 135 138 138 137 136 136 137 136 135 135 135 135 134 133 130 127 125 121 116 111 109 114 118 121 125 128 134 137 141 145 145 147 148 148 147 144 142 140
124 121 118 117 116 117 114 113 111 107 106 110 113 115 117 119 122 123 124 126 127 130 129 126 120 117 122 126 127 126 126 128 129 130 132 133 132 134 135 135 133 131 132 133 133 132 128 126 127 127 123 122 123 124 131 136 138 137 135 135 133 132 135 138 138 134 132 132 130 129 131 129 124 120 116 113 111 110 114 120 126 131 133 131 132 139 145 147 149 148 148 148 146 143 141
125 124 124 122 123 120 117 116 112 111 109 109 110 115 121 123 125 127 128 129 129 130 130 128 124 120 118 121 126 129 131 134 136 135 136 136 134 133 134 135 133 132 132 133 132 130 128 129 130 128 127 126 127 123 124 128 132 132 129 129 131 134 136 137 136 135 135 132 132 130 129 128 125 119 121 124 123 119 113 121 126 131 136 137 137 136 137 139 139 140 142 145 145 146 146
120 120 122 126 128 125 125 123 120 119 115 115 114 113 115 117 118 120 121 123 126 129 131 130 128 126 123 119 124 128 129 132 134 132 133 135 136 136 135 135 137 136 132 133 134 134 134 133 133 131 131 130 128 125 123 127 128 131 135 134 134 137 139 139 139 137 135 131 131 132 130 126 125 125 126 128 128 121 114 120 122 126 129 130 132 132 132 133 135 136 138 140 143 145 146
116 119 121 124 122 118 118 121 122 119 117 118 119 119 119 119 121 124 124 124 124 126 131 132 130 129 127 122 120 122 126 128 126 125 129 133 136 139 139 137 137 138 137 136 138 140 137 133 132 132 134 133 130 127 125 127 132 136 138 138 139 140 142 141 138 136 134 135 135 134 133 133 132 131 128 124 120 116 122 128 130 130 131 131 132 137 139 140 141 142 142 142 144 149 149
123 123 121 119 118 117 113 112 113 111 108 112 116 120 128 132 126 126 129 129 126 126 127 130 132 130 128 125 126 124 123 123 125 125 125 129 132 136 139 140 140 140 140 138 138 138 136 133 130 129 130 129 130 129 126 124 128 131 134 138 141 141 139 138 137 136 135 134 133 134 135 133 130 127 124 123 119 122 126 128 132 137 139 138 135 137 140 142 145 147 145 144 143 146 151
128 124 122 122 120 118 118 119 118 113 109 106 108 115 126 139 137 131 129 131 130 130 130 131 133 131 129 129 132 132 128 125 128 130 127 125 126 129 134 139 141 143 141 139 140 140 136 135 135 134 133 132 129 130 130 126 124 129 134 137 140 140 139 139 139 138 136 134 132 130 131 133 132 130 128 126 121 119 122 125 130 137 140 139 138 138 140 142 145 148 148 150 149 146 144
131 128 128 127 124 123 122 122 120 117 112 108 107 112 113 124 136 136 132 133 134 133 134 134 132 131 132 133 134 130 127 130 129 132 131 131 130 130 129 134 139 141 143 144 143 142 142 142 140 137 136 134 133 133 130 128 127 126 127 129 133 134 135 137 139 139 135 134 134 131 129 131 134 131 129 127 125 123 129 130 130 135 140 141 141 141 143 145 143 143 145 149 151 150 148
135 134 130 123 117 114 112 112 113 112 110 106 102 105 104 107 117 132 134 131 132 135 136 135 134 135 136 134 132 129 128 131 129 132 135 136 136 133 129 131 136 139 142 144 146 148 146 144 143 140 139 140 140 137 133 130 128 128 131 130 127 130 134 138 139 137 135 133 132 131 129 127 129 131 131 127 122 125 132 134 135 136 136 135 136 139 141 142 140 139 140 143 146 149 150
128 128 128 125 121 118 118 120 120 119 117 111 105 105 104 101 104 124 140 135 129 131 135 137 136 137 136 133 131 130 130 130 131 130 132 135 137 135 133 131 131 137 141 142 143 144 144 145 146 144 142 143 143 139 135 133 132 131 132 131 131 132 131 132 133 135 136 134 133 134 132 128 125 123 123 122 122 125 126 128 131 132 131 132 134 137 139 138 136 137 141 144 146 147 147
127 128 126 126 124 121 120 118 119 123 124 119 115 113 110 104 101 105 125 130 124 124 128 129 132 136 135 134 134 134 133 132 132 132 130 131 132 134 135 135 133 132 135 138 140 141 143 145 146 145 145 147 144 141 140 138 135 136 136 133 135 137 136 135 135 135 136 137 135 131 129 130 128 126 128 126 129 132 131 131 130 133 135 136 137 137 135 131 133 137 137 139 141 142 140
124 121 120 123 123 121 119 118 115 122 123 117 114 112 114 115 108 101 99 110 121 121 120 124 131 136 138 138 136 134 133 134 134 134 135 133 133 133 133 136 135 134 135 140 144 144 143 141 141 142 143 145 143 139 137 137 140 141 137 135 137 140 140 138 138 139 138 136 133 132 135 133 129 128 130 128 129 132 135 136 135 136 139 138 134 132 131 128 128 132 129 129 132 130 131
115 117 121 125 124 118 114 113 112 114 116 116 115 116 118 116 111 105 96 96 110 123 127 127 129 133 134 136 137 138 138 137 136 136 137 136 135 133 135 138 138 134 133 133 135 136 137 139 142 144 144 141 139 139 139 141 144 143 137 137 138 139 144 145 143 140 138 136 136 136 135 131 130 132 130 128 130 135 138 140 139 138 138 135 132 130 129 128 127 123 121 118 114 113 119
121 125 127 128 126 124 120 118 117 113 111 109 108 107 106 107 106 100 100 95 98 115 124 129 131 131 133 136 137 137 140 139 138 137 136 135 136 135 139 141 138 137 137 135 135 136 139 143 145 146 144 141 142 143 143 145 143 140 139 142 143 141 144 146 147 144 141 140 139 136 133 133 133 132 130 130 132 134 136 137 137 140 140 137 135 134 134 132 130 129 130 123 117 119 110
