english_channel/stat/bathymetry.bot
ncols        1128
nrows        480
xllcorner    -2.800000000000
yllcorner    49.000000000000
cellsize     0.004166666667
NODATA_value -32767
[rows 168 to 209 of 480, columns 950 to 1044 of 1128]
-27 -26 -27 -27 -27 -27 -26 -26 -26 -27 -26 -27 -28 -27 -29 -29 -28 -29 -30 -29 -29 -29 -29 -28 -27 -28 -28 -28 -28 -28 -28 -26 -24 -24 -24 -23 -22 -21 -21 -19 -17 -17 -15 -15 -15 -14 -13 -13 -12 -11 -10 -10 -10 -11 -11 -12 -11 -11 -11 -10 -11 -11 -10 -10 -10 -9 -9 -10 -10 -10 -10 -10 -10 -9 -9 -8 -8 -7 -7 -6 -6 -5 -5 -4 -4 -4 -4 -4 -3 -1 3 6 12 14 14
-25 -26 -26 -27 -26 -26 -26 -26 -27 -27 -27 -26 -26 -26 -26 -27 -27 -27 -27 -26 -27 -27 -28 -28 -28 -28 -27 -27 -28 -28 -27 -26 -24 -21 -22 -21 -19 -17 -17 -16 -15 -15 -15 -15 -15 -14 -14 -13 -13 -12 -11 -11 -11 -12 -11 -11 -11 -10 -11 -11 -11 -12 -11 -10 -11 -10 -10 -11 -11 -10 -10 -9 -9 -9 -8 -8 -7 -7 -6 -6 -6 -5 -5 -4 -4 -4 -4 -3 -2 0 4 7 12 13 15
-26 -26 -27 -26 -26 -26 -26 -26 -27 -27 -27 -26 -26 -26 -26 -26 -26 -27 -26 -26 -26 -26 -26 -25 -26 -24 -25 -26 -25 -25 -25 -24 -23 -25 -23 -22 -20 -17 -17 -16 -16 -15 -16 -15 -14 -14 -13 -12 -12 -12 -11 -11 -11 -11 -11 -11 -11 -12 -12 -11 -12 -12 -12 -11 -11 -11 -12 -11 -10 -9 -9 -8 -8 -8 -8 -7 -7 -7 -6 -6 -5 -5 -5 -4 -4 -4 -3 -3 -2 1 4 8 15 17 17
-25 -26 -26 -26 -25 -25 -26 -26 -26 -26 -27 -26 -26 -26 -25 -26 -25 -25 -25 -25 -25 -25 -24 -25 -24 -25 -26 -26 -26 -25 -23 -22 -22 -22 -23 -21 -18 -17 -16 -15 -14 -13 -12 -12 -11 -10 -10 -10 -10 -11 -11 -11 -11 -12 -11 -11 -11 -13 -13 -13 -13 -13 -12 -11 -10 -11 -11 -10 -9 -9 -9 -9 -8 -8 -7 -7 -7 -7 -7 -6 -6 -6 -5 -4 -4 -3 -3 -2 0 2 5 9 18 19 14
-25 -26 -26 -26 -25 -25 -25 -26 -26 -27 -26 -26 -26 -26 -25 -26 -25 -25 -25 -24 -24 -23 -23 -24 -24 -25 -24 -24 -23 -22 -20 -19 -18 -18 -19 -17 -15 -15 -13 -13 -13 -12 -11 -10 -10 -10 -10 -10 -11 -13 -13 -13 -13 -14 -14 -13 -13 -13 -14 -13 -13 -13 -13 -11 -10 -9 -9 -9 -9 -9 -9 -8 -8 -8 -8 -8 -8 -7 -7 -6 -6 -6 -5 -5 -3 -3 -2 -1 0 3 6 9 16 20 16
-25 -26 -26 -26 -26 -25 -26 -26 -27 -27 -26 -26 -25 -25 -25 -25 -25 -25 -25 -25 -24 -24 -23 -23 -22 -22 -22 -22 -20 -18 -17 -16 -15 -15 -15 -16 -15 -15 -14 -15 -15 -14 -12 -11 -12 -12 -13 -13 -14 -14 -15 -15 -15 -15 -15 -14 -13 -13 -14 -14 -14 -13 -13 -11 -11 -9 -9 -9 -8 -8 -8 -8 -9 -9 -9 -8 -8 -7 -6 -6 -5 -5 -5 -4 -4 -3 -2 -1 1 3 6 9 14 19 19
-27 -27 -27 -26 -26 -26 -26 -26 -26 -26 -26 -25 -24 -25 -25 -25 -25 -24 -24 -24 -24 -23 -22 -22 -22 -21 -18 -20 -21 -18 -17 -15 -15 -16 -16 -16 -16 -17 -17 -17 -17 -15 -14 -14 -14 -15 -14 -15 -14 -15 -16 -16 -15 -15 -14 -14 -15 -15 -15 -14 -14 -13 -12 -10 -10 -10 -10 -10 -9 -9 -9 -10 -9 -9 -9 -8 -7 -6 -6 -6 -5 -5 -4 -4 -3 -3 -2 1 2 4 6 9 12 17 21
-27 -27 -27 -26 -26 -26 -26 -26 -26 -26 -25 -25 -24 -24 -25 -25 -25 -24 -23 -24 -23 -22 -22 -22 -21 -21 -19 -17 -20 -23 -22 -21 -18 -18 -17 -18 -17 -17 -16 -16 -15 -14 -14 -15 -15 -16 -15 -15 -15 -16 -16 -17 -16 -15 -14 -14 -15 -14 -13 -12 -12 -12 -11 -11 -11 -11 -10 -10 -10 -10 -10 -10 -9 -8 -7 -7 -6 -6 -6 -6 -5 -5 -4 -4 -3 -3 -1 1 3 5 7 9 11 11 18
-27 -27 -27 -26 -26 -26 -25 -25 -25 -25 -25 -25 -25 -25 -25 -24 -24 -24 -23 -23 -23 -23 -22 -22 -20 -21 -22 -18 -18 -20 -16 -15 -17 -14 -15 -15 -14 -14 -13 -14 -14 -14 -14 -14 -14 -15 -14 -15 -17 -18 -18 -17 -15 -15 -14 -14 -13 -12 -13 -12 -11 -12 -12 -11 -11 -11 -11 -10 -9 -9 -9 -8 -7 -7 -6 -6 -6 -7 -6 -6 -5 -5 -4 -4 -3 -1 1 3 4 5 8 9 9 7 14
-26 -25 -27 -27 -26 -26 -25 -25 -25 -24 -25 -25 -25 -25 -25 -25 -25 -24 -24 -23 -23 -23 -20 -18 -21 -21 -16 -17 -18 -16 -15 -15 -16 -16 -13 -13 -13 -13 -13 -14 -15 -16 -17 -16 -15 -15 -17 -18 -19 -19 -17 -16 -15 -14 -14 -13 -13 -12 -12 -12 -12 -12 -11 -11 -11 -10 -10 -9 -8 -8 -7 -7 -7 -7 -7 -7 -7 -7 -7 -6 -5 -5 -4 -3 -2 1 3 4 5 6 8 9 7 5 -1
-27 -27 -26 -27 -26 -25 -25 -25 -25 -25 -24 -24 -25 -25 -25 -25 -24 -24 -22 -21 -20 -23 -20 -17 -16 -20 -17 -13 -17 -16 -15 -14 -14 -13 -14 -13 -13 -14 -15 -16 -16 -17 -20 -20 -18 -16 -18 -21 -19 -16 -14 -13 -14 -15 -14 -13 -13 -13 -12 -12 -12 -11 -10 -11 -10 -9 -9 -8 -7 -7 -7 -8 -8 -8 -8 -8 -8 -7 -7 -6 -5 -5 -4 -1 0 3 3 4 6 6 8 9 9 10 1
-27 -24 -25 -27 -26 -25 -25 -25 -26 -25 -25 -25 -25 -25 -24 -23 -22 -21 -19 -18 -18 -16 -16 -15 -14 -13 -13 -12 -12 -12 -12 -12 -11 -12 -12 -13 -15 -16 -17 -18 -18 -18 -18 -21 -18 -16 -16 -18 -16 -13 -13 -13 -14 -16 -14 -14 -14 -14 -14 -12 -12 -11 -10 -9 -8 -8 -8 -7 -8 -9 -9 -9 -10 -9 -8 -8 -8 -7 -6 -6 -5 -4 -2 0 1 3 3 3 4 6 7 8 8 8 8
-27 -25 -26 -27 -26 -27 -26 -26 -25 -25 -25 -24 -24 -23 -22 -21 -20 -18 -17 -17 -16 -15 -14 -14 -14 -14 -13 -12 -12 -12 -12 -12 -12 -13 -13 -14 -17 -19 -20 -19 -18 -18 -16 -17 -15 -14 -14 -15 -15 -15 -15 -15 -15 -15 -14 -13 -13 -13 -13 -12 -11 -10 -9 -8 -8 -8 -8 -9 -10 -10 -10 -9 -9 -10 -9 -8 -7 -7 -6 -6 -4 -2 -1 1 2 3 4 3 3 4 6 7 7 7 7
-27 -26 -26 -25 -27 -27 -27 -26 -25 -25 -25 -23 -22 -22 -20 -18 -18 -17 -16 -16 -16 -15 -14 -13 -13 -13 -12 -12 -11 -12 -12 -12 -13 -14 -16 -18 -20 -21 -20 -18 -17 -16 -16 -16 -16 -15 -14 -14 -15 -15 -16 -17 -15 -14 -13 -13 -13 -11 -11 -10 -9 -8 -8 -8 -8 -9 -10 -10 -11 -10 -10 -10 -10 -9 -9 -8 -7 -7 -5 -4 -2 -1 1 2 3 3 5 5 5 4 4 5 6 6 6
-26 -26 -26 -25 -27 -26 -25 -25 -25 -24 -23 -21 -20 -19 -17 -16 -16 -16 -16 -15 -15 -14 -14 -13 -13 -12 -12 -12 -12 -12 -12 -13 -15 -18 -19 -22 -22 -21 -18 -17 -16 -15 -17 -18 -18 -17 -16 -16 -15 -15 -16 -15 -14 -13 -12 -11 -11 -10 -9 -9 -8 -8 -8 -9 -10 -10 -10 -11 -11 -10 -10 -10 -9 -9 -8 -8 -7 -6 -3 -1 -1 1 2 3 4 4 6 6 6 6 5 4 5 5 5
-26 -27 -26 -26 -26 -26 -25 -24 -24 -22 -21 -20 -18 -18 -17 -16 -16 -16 -15 -14 -14 -13 -12 -12 -12 -12 -11 -12 -12 -12 -14 -16 -19 -21 -19 -20 -20 -19 -18 -17 -16 -16 -19 -20 -18 -16 -16 -16 -14 -14 -14 -13 -12 -11 -11 -10 -10 -10 -10 -9 -10 -10 -11 -11 -11 -12 -11 -10 -10 -10 -10 -9 -9 -8 -7 -6 -5 -4 -1 1 2 2 2 3 3 4 6 5 6 6 6 5 5 5 4
-25 -27 -26 -26 -25 -24 -22 -20 -19 -18 -17 -16 -16 -15 -15 -15 -15 -15 -14 -14 -13 -13 -13 -13 -13 -13 -13 -13 -13 -14 -16 -18 -19 -18 -19 -19 -19 -20 -20 -18 -16 -17 -19 -18 -16 -15 -15 -14 -14 -12 -12 -11 -10 -10 -10 -9 -11 -10 -10 -9 -11 -12 -12 -12 -11 -11 -11 -10 -10 -9 -9 -9 -8 -7 -6 -5 -4 -2 -1 1 2 2 2 3 2 3 3 3 4 5 5 4 4 4 3
-25 -25 -24 -22 -21 -22 -21 -19 -19 -18 -18 -18 -18 -18 -18 -18 -17 -17 -16 -15 -14 -14 -14 -14 -15 -15 -16 -16 -16 -15 -16 -18 -18 -17 -18 -18 -18 -19 -19 -17 -16 -17 -17 -15 -14 -13 -13 -12 -12 -11 -11 -10 -10 -10 -10 -11 -12 -12 -12 -10 -12 -12 -12 -11 -11 -10 -10 -10 -10 -9 -8 -8 -7 -6 -5 -5 -3 -1 1 1 2 3 2 2 3 2 2 2 3 4 4 4 4 4 5
-24 -24 -23 -22 -21 -20 -20 -19 -19 -19 -20 -19 -19 -19 -18 -17 -16 -16 -15 -14 -14 -14 -15 -15 -15 -17 -17 -17 -17 -18 -18 -19 -19 -18 -18 -17 -16 -16 -17 -16 -15 -15 -14 -14 -12 -11 -11 -11 -11 -11 -12 -12 -11 -11 -11 -12 -13 -13 -13 -12 -12 -11 -11 -12 -11 -11 -11 -10 -10 -9 -8 -7 -6 -6 -4 -4 -2 0 1 2 2 2 2 3 3 3 3 3 3 3 3 3 4 5 6
-24 -23 -22 -21 -20 -20 -20 -20 -20 -19 -19 -18 -17 -17 -16 -15 -15 -15 -15 -15 -15 -15 -16 -16 -16 -17 -18 -20 -19 -18 -17 -17 -22 -20 -18 -16 -16 -15 -15 -15 -14 -14 -13 -13 -13 -12 -12 -12 -11 -12 -12 -13 -13 -13 -13 -13 -12 -12 -12 -12 -11 -12 -12 -11 -12 -11 -10 -10 -9 -8 -8 -7 -6 -5 -4 -3 -1 -1 1 2 2 2 3 3 3 4 4 4 4 4 5 4 4 4 5
-22 -20 -20 -20 -20 -20 -20 -20 -20 -19 -18 -18 -18 -17 -16 -16 -16 -17 -17 -17 -19 -20 -19 -18 -18 -18 -19 -19 -18 -18 -17 -16 -19 -18 -17 -16 -16 -15 -15 -14 -15 -14 -14 -13 -13 -13 -12 -12 -12 -12 -12 -13 -13 -13 -13 -14 -12 -12 -12 -12 -12 -12 -12 -11 -11 -10 -9 -8 -8 -8 -8 -7 -5 -4 -4 -3 -2 -1 1 1 2 3 3 3 3 4 4 4 4 5 7 7 7 6 6
-21 -21 -21 -21 -21 -21 -21 -20 -20 -19 -19 -18 -18 -17 -17 -17 -17 -17 -19 -19 -18 -20 -21 -20 -20 -20 -19 -19 -18 -17 -17 -16 -19 -18 -16 -14 -15 -14 -14 -13 -14 -13 -12 -11 -12 -12 -13 -12 -12 -13 -13 -13 -13 -12 -12 -13 -12 -12 -12 -13 -12 -12 -11 -11 -10 -9 -8 -8 -9 -8 -8 -7 -5 -3 -3 -2 -2 -1 1 1 1 2 2 2 2 3 4 4 5 4 6 5 3 2 2
-21 -20 -20 -20 -20 -20 -20 -20 -20 -19 -19 -19 -19 -18 -18 -20 -21 -20 -23 -22 -21 -20 -20 -20 -21 -22 -21 -20 -18 -17 -17 -16 -17 -14 -13 -13 -13 -13 -12 -12 -12 -11 -12 -12 -12 -13 -14 -14 -14 -14 -13 -13 -12 -12 -13 -12 -12 -13 -13 -12 -12 -11 -10 -10 -9 -9 -9 -9 -9 -8 -7 -6 -5 -4 -2 -2 -1 -1 1 1 1 1 1 2 2 3 6 9 9 6 4 2 3 3 2
-20 -20 -20 -20 -21 -21 -21 -21 -20 -20 -21 -22 -21 -20 -20 -23 -23 -21 -19 -19 -21 -21 -19 -19 -18 -15 -17 -14 -13 -12 -13 -13 -12 -10 -10 -11 -11 -11 -12 -12 -12 -12 -13 -13 -14 -15 -16 -14 -14 -14 -14 -14 -13 -13 -13 -13 -13 -13 -12 -11 -11 -9 -9 -9 -9 -8 -9 -9 -8 -7 -6 -5 -5 -4 -4 -3 -2 -1 1 1 1 1 1 2 4 5 7 9 7 6 5 4 3 2 2
-20 -21 -21 -22 -22 -22 -21 -20 -20 -19 -22 -23 -21 -21 -20 -20 -19 -21 -21 -20 -19 -18 -16 -16 -15 -14 -14 -12 -14 -15 -15 -17 -15 -11 -9 -10 -12 -13 -14 -15 -15 -14 -14 -14 -15 -16 -16 -15 -14 -13 -13 -13 -13 -13 -14 -13 -12 -12 -11 -10 -9 -9 -8 -9 -9 -9 -9 -9 -8 -7 -6 -5 -4 -4 -3 -2 -2 -1 0 1 1 1 2 4 5 7 9 10 7 5 4 3 2 2 2
-20 -20 -21 -21 -21 -22 -23 -23 -21 -20 -21 -19 -22 -22 -22 -22 -22 -21 -18 -17 -16 -15 -14 -13 -13 -13 -13 -15 -16 -15 -18 -17 -13 -11 -10 -12 -13 -15 -17 -18 -18 -16 -16 -15 -15 -14 -15 -15 -15 -15 -15 -14 -13 -13 -13 -12 -11 -10 -9 -8 -8 -8 -8 -9 -9 -9 -8 -8 -8 -7 -6 -5 -4 -3 -1 -1 -1 0 1 2 1 2 4 5 7 7 7 6 5 4 3 3 2 2 2
-20 -20 -20 -20 -20 -20 -23 -21 -20 -21 -21 -21 -19 -17 -21 -20 -19 -17 -16 -16 -16 -16 -15 -14 -15 -15 -17 -18 -19 -17 -16 -16 -14 -14 -14 -14 -15 -15 -17 -18 -18 -17 -16 -16 -15 -14 -14 -14 -14 -15 -15 -14 -13 -12 -11 -10 -9 -9 -9 -9 -9 -9 -9 -9 -9 -9 -9 -8 -8 -7 -6 -5 -4 -3 -1 -1 -1 0 1 1 1 3 6 6 5 4 4 4 3 3 3 3 3 2 2
-20 -21 -20 -20 -20 -20 -19 -22 -22 -21 -19 -19 -19 -19 -17 -16 -19 -18 -17 -18 -19 -17 -17 -18 -17 -18 -18 -16 -15 -16 -13 -14 -14 -15 -18 -16 -17 -16 -15 -16 -16 -16 -15 -15 -14 -15 -15 -14 -13 -13 -12 -12 -11 -11 -10 -8 -8 -9 -9 -10 -10 -10 -10 -9 -9 -9 -9 -8 -7 -6 -6 -6 -4 -3 -1 -1 1 2 1 1 3 8 5 5 4 3 3 3 2 2 3 2 2 2 2
-20 -20 -21 -20 -19 -19 -20 -18 -18 -19 -20 -19 -18 -18 -18 -17 -18 -20 -19 -17 -17 -16 -17 -20 -19 -18 -15 -14 -14 -14 -15 -15 -17 -17 -17 -19 -19 -18 -15 -15 -15 -16 -14 -14 -14 -14 -14 -13 -12 -12 -11 -11 -10 -10 -10 -9 -10 -11 -11 -11 -11 -10 -10 -9 -9 -9 -8 -8 -7 -6 -6 -5 -3 -3 -1 -1 1 1 1 2 9 7 5 4 4 3 3 2 3 3 3 3 3 2 2
-22 -20 -20 -20 -20 -19 -19 -19 -19 -17 -19 -19 -19 -19 -20 -19 -18 -16 -19 -18 -17 -16 -15 -16 -17 -14 -14 -14 -15 -16 -17 -18 -18 -19 -18 -18 -20 -19 -16 -16 -16 -16 -14 -13 -13 -12 -12 -11 -11 -11 -10 -10 -11 -10 -10 -11 -11 -12 -11 -11 -10 -10 -9 -9 -8 -8 -7 -7 -7 -6 -5 -5 -4 -3 -1 -2 -3 -1 1 8 7 5 4 4 3 3 3 3 3 3 3 3 3 2 3
-20 -21 -20 -20 -18 -19 -20 -19 -17 -17 -18 -17 -17 -17 -19 -21 -19 -17 -19 -16 -15 -15 -14 -13 -13 -13 -15 -16 -18 -18 -18 -19 -17 -18 -18 -17 -18 -17 -16 -16 -16 -16 -14 -13 -12 -12 -11 -10 -11 -11 -11 -11 -12 -11 -11 -12 -12 -12 -11 -11 -10 -9 -8 -8 -7 -8 -7 -7 -7 -6 -5 -5 -4 -2 -2 -1 -2 -2 8 4 4 4 4 3 3 3 3 3 4 4 4 3 3 3 4
-19 -18 -20 -18 -18 -20 -19 -18 -19 -18 -20 -18 -17 -17 -17 -16 -19 -19 -16 -16 -16 -15 -14 -14 -14 -15 -17 -19 -21 -21 -21 -20 -19 -19 -20 -17 -17 -16 -15 -14 -16 -15 -15 -14 -12 -11 -11 -10 -12 -13 -12 -12 -12 -12 -12 -12 -12 -11 -10 -10 -9 -9 -9 -7 -7 -7 -7 -7 -6 -6 -5 -5 -4 -2 -2 -1 -1 1 5 3 3 3 3 3 3 3 3 3 3 4 4 3 3 3 3
-22 -20 -20 -18 -17 -20 -21 -20 -18 -17 -22 -20 -19 -18 -19 -17 -16 -19 -18 -18 -18 -17 -16 -15 -15 -17 -17 -23 -22 -21 -20 -19 -17 -18 -16 -15 -16 -16 -15 -14 -14 -14 -14 -14 -12 -11 -11 -12 -14 -14 -12 -12 -12 -12 -12 -12 -11 -10 -9 -9 -9 -8 -8 -8 -8 -7 -7 -6 -6 -6 -5 -5 -4 -3 -2 -2 -1 4 3 3 2 3 3 3 3 3 2 3 3 3 3 3 3 3 3
-19 -17 -19 -17 -18 -22 -21 -19 -18 -17 -18 -18 -19 -20 -22 -19 -18 -18 -21 -19 -17 -16 -16 -17 -19 -20 -20 -20 -20 -20 -18 -16 -15 -16 -17 -15 -14 -15 -15 -15 -12 -12 -12 -13 -13 -14 -14 -14 -14 -13 -12 -12 -12 -12 -11 -11 -10 -10 -9 -8 -8 -8 -8 -7 -7 -7 -6 -6 -6 -6 -5 -5 -5 -4 -3 -2 1 2 2 2 3 3 3 3 3 3 4 4 3 3 3 3 3 4 6
-20 -19 -21 -18 -17 -18 -20 -19 -18 -18 -21 -20 -18 -18 -18 -19 -18 -18 -17 -20 -18 -16 -16 -19 -21 -21 -20 -19 -18 -17 -16 -15 -15 -16 -14 -14 -13 -13 -14 -14 -14 -14 -14 -14 -16 -17 -16 -16 -15 -14 -13 -12 -12 -10 -10 -9 -10 -9 -9 -9 -8 -8 -7 -7 -7 -6 -6 -6 -6 -5 -5 -5 -4 -3 -4 -1 4 2 2 2 2 3 3 3 2 3 3 4 3 3 3 3 4 6 7
-22 -20 -18 -17 -20 -19 -19 -23 -20 -20 -21 -20 -19 -18 -17 -17 -17 -17 -17 -20 -18 -18 -17 -19 -21 -21 -19 -18 -18 -16 -15 -14 -14 -15 -14 -13 -13 -13 -14 -15 -15 -15 -15 -17 -17 -16 -14 -14 -14 -13 -12 -12 -12 -11 -10 -9 -10 -10 -9 -9 -8 -8 -7 -7 -7 -6 -6 -6 -6 -5 -5 -5 -4 -4 -3 0 3 2 2 3 3 3 3 3 3 3 3 3 3 3 3 4 7 11 13
-20 -20 -19 -19 -20 -20 -21 -20 -22 -21 -20 -19 -18 -18 -18 -17 -18 -18 -17 -18 -17 -20 -20 -19 -19 -18 -17 -16 -16 -15 -13 -14 -13 -12 -13 -13 -12 -15 -16 -17 -16 -15 -15 -16 -16 -15 -13 -11 -13 -12 -12 -12 -12 -11 -11 -10 -10 -10 -10 -9 -8 -8 -7 -7 -6 -6 -6 -5 -6 -6 -6 -5 -4 -4 -2 2 2 2 2 2 2 3 3 3 3 3 3 3 3 5 7 11 16 19 21
-19 -18 -18 -20 -20 -20 -20 -21 -20 -19 -18 -17 -19 -19 -17 -17 -17 -18 -17 -18 -18 -16 -18 -17 -17 -16 -15 -15 -13 -15 -13 -12 -13 -13 -14 -13 -13 -16 -17 -17 -16 -15 -15 -14 -14 -14 -13 -12 -12 -13 -12 -12 -12 -12 -12 -12 -11 -10 -10 -9 -8 -8 -7 -7 -6 -6 -5 -5 -6 -6 -5 -4 -4 -3 -1 2 2 2 2 2 2 3 3 3 3 2 3 4 7 12 18 23 26 27 25
-19 -18 -18 -20 -20 -20 -19 -18 -17 -18 -18 -18 -19 -18 -17 -17 -17 -15 -18 -17 -17 -17 -16 -15 -20 -17 -15 -15 -14 -13 -14 -13 -15 -14 -16 -15 -16 -16 -16 -16 -16 -16 -16 -14 -14 -14 -12 -13 -12 -14 -13 -13 -13 -12 -12 -12 -11 -10 -9 -8 -7 -7 -6 -6 -5 -5 -5 -6 -6 -5 -5 -4 -4 -2 1 2 3 2 2 2 2 2 2 2 3 5 10 16 22 27 30 30 27 23 21
-18 -20 -20 -19 -19 -19 -19 -19 -19 -19 -18 -20 -16 -16 -19 -17 -15 -18 -19 -19 -18 -17 -16 -16 -19 -14 -13 -14 -14 -14 -14 -15 -18 -16 -16 -16 -16 -16 -15 -16 -17 -17 -16 -14 -14 -14 -14 -14 -14 -14 -14 -13 -13 -12 -11 -11 -10 -9 -8 -7 -6 -6 -5 -5 -5 -5 -6 -6 -6 -5 -4 -4 -4 4 3 2 1 1 2 2 2 3 3 5 10 18 28 34 35 33 29 26 26 27 34
-17 -17 -20 -19 -19 -18 -19 -18 -18 -18 -16 -18 -17 -16 -13 -15 -15 -13 -19 -18 -17 -15 -14 -14 -18 -14 -14 -15 -15 -15 -15 -16 -17 -15 -16 -17 -17 -15 -15 -16 -16 -16 -16 -15 -15 -14 -15 -15 -15 -14 -14 -13 -12 -12 -10 -10 -9 -8 -8 -7 -7 -7 -6 -6 -6 -6 -6 -6 -6 -5 -4 -4 -2 1 2 1 2 2 2 2 3 5 10 19 29 37 40 39 35 31 33 36 37 39 41
-19 -20 -20 -20 -19 -19 -21 -21 -20 -19 -17 -15 -14 -13 -15 -13 -13 -14 -15 -13 -14 -14 -14 -15 -14 -15 -15 -15 -15 -15 -14 -16 -16 -14 -13 -17 -17 -15 -16 -15 -15 -16 -16 -16 -16 -15 -15 -15 -14 -14 -12 -12 -11 -10 -9 -9 -8 -8 -8 -8 -8 -8 -7 -7 -7 -6 -6 -5 -5 -4 -4 -2 2 3 3 2 3 3 4 8 14 21 28 37 42 43 41 37 34 38 42 45 47 47 47
