english_channel/stat/bathymetry.bot
ncols        1128
nrows        480
xllcorner    -2.800000000000
yllcorner    49.000000000000
cellsize     0.004166666667
NODATA_value -32767
[rows 84 to 125 of 480, columns 855 to 949 of 1128]
-45 -48 -47 -45 -43 -44 -49 -48 -47 -46 -46 -47 -46 -45 -43 -43 -42 -42 -43 -43 -41 -41 -40 -39 -39 -39 -39 -40 -39 -39 -38 -38 -38 -40 -39 -39 -40 -40 -40 -40 -40 -41 -41 -41 -41 -41 -40 -40 -40 -40 -39 -38 -38 -37 -37 -36 -37 -37 -40 -41 -41 -43 -44 -45 -45 -46 -47 -47 -48 -47 -47 -46 -44 -44 -42 -41 -41 -39 -37 -36 -34 -30 -26 -23 -21 -20 -19 -19 -19 -20 -21 -23 -26 -30 -32
-45 -44 -45 -45 -45 -43 -48 -48 -47 -46 -45 -43 -43 -42 -42 -39 -40 -40 -40 -39 -39 -39 -39 -38 -38 -38 -39 -39 -39 -39 -38 -39 -40 -40 -39 -39 -40 -40 -40 -40 -40 -40 -40 -40 -40 -39 -39 -39 -38 -38 -38 -37 -36 -37 -36 -36 -36 -36 -39 -40 -41 -44 -45 -45 -45 -46 -47 -47 -48 -48 -48 -47 -46 -46 -45 -43 -40 -35 -30 -25 -20 -17 -15 -15 -15 -15 -15 -16 -17 -18 -21 -24 -28 -31 -34
-43 -44 -45 -43 -43 -44 -44 -46 -47 -46 -44 -44 -43 -42 -41 -40 -38 -37 -38 -38 -38 -39 -38 -39 -37 -38 -38 -39 -38 -39 -38 -37 -39 -38 -39 -39 -39 -39 -39 -39 -39 -39 -38 -39 -39 -37 -38 -38 -37 -38 -37 -36 -36 -36 -36 -37 -37 -36 -37 -39 -40 -41 -43 -44 -41 -43 -45 -44 -44 -44 -46 -47 -46 -43 -37 -30 -23 -18 -14 -12 -11 -11 -11 -12 -12 -13 -14 -15 -16 -19 -22 -26 -30 -33 -38
-44 -43 -42 -43 -42 -41 -43 -45 -43 -45 -45 -46 -46 -43 -40 -39 -39 -37 -36 -38 -36 -37 -38 -38 -37 -39 -37 -37 -36 -37 -36 -36 -38 -36 -37 -38 -38 -38 -38 -38 -39 -38 -38 -38 -39 -37 -36 -37 -35 -37 -37 -36 -38 -36 -37 -38 -37 -37 -37 -38 -38 -38 -39 -39 -41 -45 -45 -42 -41 -42 -46 -44 -36 -27 -19 -14 -12 -11 -10 -10 -10 -10 -11 -11 -12 -13 -13 -15 -17 -20 -23 -29 -34 -36 -41
-39 -42 -42 -41 -38 -38 -38 -38 -38 -42 -46 -42 -41 -40 -39 -38 -38 -38 -37 -35 -37 -37 -36 -37 -39 -37 -37 -37 -38 -36 -36 -37 -40 -35 -38 -39 -39 -38 -38 -37 -38 -39 -41 -41 -40 -39 -37 -36 -35 -37 -37 -37 -38 -38 -38 -39 -39 -38 -38 -40 -41 -40 -40 -42 -44 -45 -45 -46 -46 -45 -37 -27 -19 -14 -13 -12 -11 -11 -10 -10 -11 -11 -12 -12 -12 -13 -13 -14 -16 -21 -27 -32 -36 -39 -42
-39 -41 -41 -40 -38 -40 -39 -39 -39 -41 -42 -42 -41 -38 -39 -38 -36 -36 -36 -36 -36 -37 -37 -36 -41 -39 -37 -39 -39 -36 -37 -40 -41 -38 -39 -42 -40 -41 -40 -41 -43 -41 -42 -43 -41 -41 -37 -36 -37 -37 -38 -38 -39 -39 -40 -40 -41 -42 -43 -44 -46 -46 -47 -47 -45 -44 -44 -41 -37 -29 -20 -16 -14 -13 -12 -13 -13 -12 -11 -11 -11 -11 -12 -12 -12 -13 -13 -14 -17 -25 -32 -37 -40 -43 -41
-38 -38 -39 -39 -39 -38 -38 -40 -40 -41 -40 -40 -40 -39 -38 -37 -37 -36 -36 -38 -37 -38 -38 -37 -43 -41 -41 -41 -42 -38 -41 -43 -41 -42 -42 -43 -43 -41 -42 -41 -44 -43 -43 -44 -41 -38 -36 -37 -39 -38 -39 -40 -40 -41 -42 -43 -44 -45 -47 -47 -48 -48 -48 -48 -47 -44 -37 -29 -23 -17 -15 -14 -14 -13 -14 -14 -13 -12 -12 -11 -12 -12 -13 -13 -13 -13 -14 -15 -21 -31 -38 -39 -41 -40 -38
-39 -39 -39 -38 -40 -41 -39 -38 -39 -39 -39 -39 -39 -39 -37 -39 -38 -39 -37 -39 -38 -41 -41 -41 -40 -40 -40 -40 -40 -39 -38 -41 -41 -41 -43 -42 -40 -39 -41 -40 -44 -45 -42 -44 -39 -39 -37 -39 -40 -40 -40 -41 -42 -42 -43 -44 -45 -46 -47 -47 -48 -48 -47 -44 -38 -30 -24 -19 -17 -14 -14 -14 -15 -15 -15 -14 -14 -14 -15 -14 -15 -15 -16 -14 -14 -15 -16 -20 -30 -36 -39 -40 -38 -35 -34
-39 -39 -38 -37 -38 -40 -39 -38 -37 -36 -36 -39 -39 -39 -40 -40 -39 -39 -39 -38 -40 -40 -39 -40 -40 -39 -38 -39 -38 -38 -38 -38 -38 -38 -38 -38 -37 -36 -40 -39 -39 -41 -41 -41 -37 -37 -38 -38 -39 -40 -41 -41 -42 -42 -43 -44 -45 -45 -46 -46 -46 -43 -38 -32 -26 -21 -18 -16 -16 -15 -16 -16 -16 -16 -16 -16 -16 -17 -18 -17 -19 -19 -17 -17 -15 -19 -21 -27 -33 -37 -38 -35 -34 -34 -34
-39 -39 -38 -37 -38 -38 -38 -37 -37 -36 -35 -37 -37 -37 -39 -39 -38 -38 -37 -38 -39 -40 -40 -39 -39 -40 -39 -38 -38 -38 -38 -39 -39 -38 -37 -38 -37 -36 -36 -40 -38 -38 -38 -36 -37 -36 -36 -37 -37 -38 -39 -40 -40 -40 -41 -41 -41 -42 -42 -42 -38 -33 -27 -23 -19 -17 -15 -15 -17 -17 -17 -17 -17 -18 -17 -18 -17 -19 -20 -20 -21 -22 -21 -19 -17 -22 -26 -31 -36 -37 -36 -33 -33 -33 -34
-38 -39 -39 -38 -37 -36 -37 -38 -37 -36 -35 -36 -36 -35 -36 -37 -37 -37 -37 -37 -37 -41 -40 -40 -39 -38 -37 -39 -39 -41 -41 -42 -41 -38 -38 -39 -37 -37 -38 -38 -37 -36 -37 -35 -36 -37 -37 -36 -37 -37 -36 -37 -39 -37 -37 -37 -37 -38 -38 -34 -29 -24 -20 -18 -16 -16 -17 -19 -19 -17 -16 -17 -19 -17 -18 -20 -19 -21 -22 -23 -25 -23 -22 -20 -20 -27 -30 -35 -36 -36 -35 -34 -33 -33 -36
-35 -39 -39 -38 -36 -34 -34 -39 -38 -37 -36 -34 -35 -37 -38 -39 -38 -37 -37 -37 -37 -38 -39 -39 -38 -38 -38 -38 -39 -39 -40 -39 -39 -37 -39 -41 -38 -39 -41 -40 -37 -36 -35 -35 -35 -36 -36 -36 -36 -36 -36 -35 -36 -36 -36 -35 -34 -33 -30 -26 -22 -19 -16 -15 -17 -18 -19 -20 -18 -19 -19 -18 -19 -19 -21 -22 -23 -24 -26 -26 -27 -25 -25 -22 -24 -31 -33 -35 -37 -37 -35 -34 -34 -34 -37
-35 -34 -36 -37 -36 -35 -35 -39 -38 -38 -37 -37 -36 -36 -40 -40 -39 -37 -36 -36 -35 -39 -39 -39 -39 -38 -38 -40 -40 -40 -40 -40 -39 -37 -35 -38 -37 -38 -40 -39 -37 -36 -35 -36 -36 -35 -34 -33 -33 -33 -35 -34 -34 -34 -33 -31 -29 -26 -23 -21 -18 -18 -17 -17 -22 -22 -20 -18 -19 -23 -20 -20 -21 -22 -23 -24 -26 -29 -29 -30 -28 -27 -26 -25 -29 -33 -35 -38 -40 -39 -37 -36 -36 -37 -37
-36 -36 -35 -35 -35 -35 -35 -37 -39 -39 -38 -37 -35 -33 -39 -39 -39 -38 -37 -37 -37 -39 -39 -40 -40 -40 -40 -41 -40 -40 -40 -39 -38 -36 -36 -37 -37 -34 -37 -36 -36 -34 -34 -34 -35 -35 -34 -33 -33 -32 -31 -31 -31 -30 -28 -26 -23 -20 -18 -16 -16 -19 -20 -21 -23 -23 -20 -19 -21 -22 -21 -23 -24 -26 -27 -28 -32 -33 -32 -31 -30 -30 -30 -29 -34 -38 -39 -46 -47 -46 -44 -42 -40 -40 -42
-38 -37 -37 -37 -37 -38 -38 -37 -38 -38 -38 -37 -36 -35 -39 -39 -39 -39 -39 -39 -38 -38 -41 -41 -41 -40 -40 -40 -40 -39 -39 -38 -37 -37 -36 -36 -37 -36 -36 -35 -35 -33 -32 -32 -33 -33 -32 -30 -30 -29 -27 -27 -25 -24 -22 -20 -19 -17 -17 -18 -20 -25 -23 -24 -22 -24 -21 -22 -23 -24 -25 -26 -28 -31 -32 -34 -34 -33 -34 -33 -31 -34 -34 -35 -40 -42 -45 -47 -47 -47 -47 -46 -46 -47 -48
-40 -39 -39 -39 -39 -39 -38 -38 -38 -38 -38 -38 -37 -37 -40 -40 -40 -40 -40 -40 -39 -38 -38 -40 -41 -41 -40 -40 -40 -40 -39 -38 -37 -36 -34 -33 -35 -35 -35 -36 -34 -33 -32 -30 -28 -29 -28 -26 -24 -24 -22 -21 -21 -19 -17 -17 -17 -19 -23 -26 -26 -25 -26 -25 -24 -25 -25 -26 -28 -29 -30 -31 -32 -36 -37 -36 -36 -35 -34 -35 -33 -36 -35 -36 -40 -43 -45 -47 -47 -47 -47 -48 -48 -49 -51
-41 -40 -40 -40 -39 -39 -38 -38 -39 -39 -39 -40 -40 -40 -40 -40 -40 -40 -41 -41 -41 -41 -40 -39 -40 -40 -40 -40 -40 -38 -38 -38 -38 -37 -36 -35 -35 -35 -34 -34 -32 -29 -28 -25 -24 -25 -22 -21 -19 -18 -17 -17 -19 -19 -20 -22 -25 -25 -28 -29 -27 -27 -27 -26 -26 -28 -29 -31 -30 -33 -36 -36 -37 -38 -38 -37 -36 -35 -35 -36 -36 -36 -36 -36 -39 -39 -40 -44 -46 -46 -48 -50 -50 -51 -51
-41 -41 -40 -40 -40 -40 -40 -39 -39 -40 -41 -41 -41 -41 -41 -41 -41 -41 -41 -41 -40 -40 -40 -40 -39 -39 -39 -38 -38 -39 -38 -38 -38 -36 -35 -37 -36 -35 -33 -30 -27 -26 -24 -22 -19 -19 -22 -20 -20 -22 -21 -24 -27 -24 -26 -30 -30 -29 -29 -26 -27 -28 -28 -32 -32 -33 -33 -33 -33 -35 -36 -38 -38 -37 -37 -36 -35 -36 -34 -36 -36 -36 -36 -37 -38 -39 -39 -39 -42 -45 -50 -51 -50 -51 -51
-41 -41 -41 -41 -41 -41 -41 -40 -39 -40 -41 -41 -41 -42 -43 -43 -44 -43 -42 -40 -39 -39 -39 -39 -39 -39 -38 -37 -37 -37 -37 -37 -37 -35 -34 -33 -33 -33 -31 -28 -26 -23 -23 -23 -21 -25 -24 -23 -24 -24 -26 -32 -28 -29 -35 -31 -31 -29 -30 -30 -31 -31 -33 -33 -34 -34 -35 -36 -37 -37 -38 -38 -37 -36 -36 -34 -35 -35 -36 -36 -36 -37 -36 -37 -37 -37 -37 -36 -37 -39 -50 -52 -51 -53 -55
-42 -42 -42 -41 -41 -43 -42 -42 -41 -40 -40 -40 -40 -43 -43 -42 -41 -42 -40 -41 -39 -40 -39 -39 -39 -38 -39 -37 -37 -37 -36 -36 -34 -34 -34 -33 -31 -30 -28 -26 -25 -25 -23 -24 -24 -31 -31 -27 -24 -31 -34 -31 -29 -34 -32 -32 -32 -32 -32 -31 -31 -33 -34 -35 -36 -36 -36 -36 -36 -36 -36 -36 -36 -35 -34 -34 -34 -35 -37 -37 -37 -38 -37 -37 -37 -38 -37 -37 -38 -43 -53 -55 -56 -56 -56
-41 -42 -42 -41 -41 -43 -43 -42 -41 -40 -41 -40 -39 -43 -42 -42 -41 -40 -41 -40 -42 -40 -40 -40 -39 -39 -38 -37 -36 -36 -36 -36 -35 -33 -32 -31 -29 -28 -27 -26 -26 -26 -26 -26 -27 -32 -29 -27 -27 -33 -33 -29 -30 -32 -29 -32 -30 -31 -33 -34 -35 -36 -36 -35 -36 -36 -36 -36 -36 -35 -35 -35 -33 -32 -32 -33 -34 -36 -37 -37 -38 -38 -38 -38 -38 -38 -39 -40 -47 -53 -57 -57 -57 -56 -55
-40 -41 -40 -41 -42 -42 -41 -40 -39 -39 -40 -41 -40 -42 -40 -41 -43 -43 -44 -44 -41 -41 -41 -41 -40 -40 -38 -37 -37 -36 -36 -34 -33 -32 -30 -29 -28 -28 -27 -27 -28 -28 -28 -27 -29 -32 -29 -29 -29 -32 -29 -29 -31 -30 -31 -32 -33 -33 -33 -35 -36 -36 -36 -35 -35 -34 -35 -34 -34 -33 -32 -32 -31 -32 -32 -34 -34 -36 -37 -38 -39 -39 -39 -39 -39 -40 -43 -53 -56 -56 -57 -56 -56 -55 -52
-41 -41 -41 -41 -41 -40 -40 -37 -36 -37 -38 -42 -42 -41 -41 -43 -43 -44 -44 -45 -44 -43 -41 -40 -39 -39 -37 -36 -35 -35 -34 -33 -32 -30 -29 -29 -29 -28 -28 -29 -29 -29 -28 -27 -30 -30 -29 -29 -29 -32 -30 -31 -33 -33 -33 -34 -34 -34 -34 -35 -36 -36 -35 -35 -34 -34 -33 -32 -31 -32 -31 -31 -31 -32 -34 -36 -36 -37 -37 -38 -39 -39 -40 -42 -46 -52 -56 -57 -57 -57 -56 -55 -54 -52 -50
-41 -40 -40 -40 -40 -40 -40 -39 -40 -40 -41 -43 -43 -44 -45 -44 -43 -42 -42 -42 -42 -41 -40 -39 -37 -35 -34 -33 -33 -32 -32 -31 -31 -30 -30 -30 -29 -29 -29 -29 -29 -30 -30 -29 -30 -32 -32 -31 -31 -33 -34 -34 -34 -34 -34 -34 -34 -34 -34 -35 -36 -34 -35 -34 -34 -33 -31 -30 -29 -30 -32 -31 -33 -35 -36 -38 -38 -39 -40 -40 -41 -45 -50 -54 -56 -58 -58 -57 -57 -56 -55 -52 -50 -46 -42
-38 -38 -38 -38 -39 -41 -42 -43 -44 -45 -46 -49 -47 -46 -46 -46 -46 -45 -44 -42 -40 -39 -37 -35 -33 -32 -32 -31 -31 -31 -31 -31 -31 -31 -31 -31 -31 -29 -30 -30 -31 -32 -32 -32 -32 -33 -33 -32 -34 -34 -34 -35 -35 -34 -34 -34 -33 -33 -34 -35 -35 -35 -34 -33 -32 -31 -30 -31 -30 -31 -32 -33 -35 -37 -38 -38 -40 -42 -44 -48 -52 -54 -55 -56 -58 -58 -57 -56 -52 -50 -47 -44 -41 -36 -33
-40 -40 -40 -40 -41 -43 -44 -45 -45 -46 -46 -47 -48 -47 -47 -46 -45 -44 -41 -39 -36 -34 -33 -32 -32 -31 -31 -31 -31 -31 -31 -32 -32 -32 -32 -32 -32 -31 -31 -32 -33 -34 -34 -34 -34 -34 -34 -33 -34 -34 -34 -34 -34 -34 -33 -32 -32 -33 -34 -34 -34 -33 -32 -32 -31 -31 -31 -31 -32 -32 -33 -35 -38 -41 -43 -45 -47 -50 -53 -54 -54 -55 -56 -57 -57 -56 -54 -49 -45 -43 -41 -36 -34 -32 -32
-42 -42 -42 -43 -45 -46 -46 -47 -47 -47 -47 -46 -46 -45 -44 -42 -40 -37 -35 -33 -32 -32 -32 -32 -32 -32 -33 -33 -32 -32 -32 -32 -32 -33 -33 -33 -33 -33 -34 -35 -35 -35 -35 -35 -34 -34 -33 -34 -34 -33 -34 -34 -34 -32 -32 -32 -33 -33 -32 -31 -32 -32 -32 -32 -32 -32 -32 -33 -33 -34 -37 -41 -45 -49 -52 -53 -54 -55 -55 -56 -57 -56 -56 -54 -52 -50 -45 -39 -36 -36 -35 -33 -32 -32 -32
-43 -44 -45 -45 -45 -48 -48 -48 -47 -47 -46 -45 -43 -41 -38 -35 -33 -32 -32 -32 -32 -32 -32 -33 -33 -33 -33 -33 -33 -33 -33 -33 -33 -33 -34 -35 -36 -36 -37 -38 -37 -36 -36 -35 -34 -34 -34 -34 -33 -34 -33 -32 -32 -32 -32 -32 -32 -32 -31 -33 -33 -32 -33 -33 -32 -33 -34 -35 -36 -41 -45 -47 -49 -52 -55 -56 -56 -57 -56 -56 -55 -52 -50 -47 -43 -38 -34 -33 -32 -34 -35 -34 -33 -32 -30
-46 -47 -47 -48 -47 -46 -46 -46 -46 -44 -42 -39 -36 -33 -33 -32 -32 -32 -32 -33 -33 -33 -33 -33 -33 -33 -33 -33 -33 -33 -33 -33 -33 -34 -36 -37 -39 -41 -41 -42 -41 -40 -38 -37 -36 -35 -35 -34 -33 -33 -33 -33 -33 -31 -31 -30 -33 -32 -34 -33 -33 -34 -34 -35 -37 -39 -44 -47 -47 -49 -51 -54 -55 -55 -57 -57 -56 -55 -51 -50 -43 -40 -37 -36 -34 -31 -30 -30 -30 -30 -30 -31 -32 -31 -29
-44 -45 -44 -43 -43 -42 -40 -37 -36 -36 -35 -34 -33 -33 -33 -33 -33 -33 -33 -33 -33 -33 -33 -33 -32 -32 -32 -32 -32 -33 -33 -33 -33 -33 -36 -37 -38 -43 -44 -44 -47 -47 -45 -41 -39 -36 -33 -31 -29 -32 -34 -33 -32 -30 -31 -32 -34 -35 -35 -36 -37 -39 -41 -44 -48 -49 -49 -49 -52 -54 -56 -57 -54 -53 -54 -52 -47 -39 -35 -32 -31 -31 -31 -30 -30 -30 -30 -30 -30 -30 -30 -31 -31 -30 -29
-43 -42 -40 -39 -37 -36 -35 -34 -34 -33 -33 -33 -34 -34 -34 -34 -34 -34 -34 -34 -34 -34 -33 -33 -33 -33 -33 -33 -33 -33 -33 -34 -34 -33 -32 -34 -33 -31 -33 -34 -36 -34 -31 -30 -28 -30 -28 -29 -29 -33 -35 -31 -35 -34 -36 -38 -39 -41 -42 -43 -42 -42 -45 -48 -52 -51 -52 -52 -54 -54 -54 -52 -46 -42 -43 -41 -37 -33 -33 -31 -30 -30 -30 -29 -29 -29 -29 -29 -29 -30 -31 -30 -29 -28 -26
-38 -37 -36 -35 -34 -34 -34 -34 -33 -33 -33 -33 -34 -34 -34 -34 -34 -33 -33 -33 -33 -33 -32 -32 -32 -33 -34 -34 -34 -34 -34 -33 -33 -31 -29 -28 -29 -27 -25 -26 -29 -26 -24 -28 -29 -30 -31 -31 -33 -35 -37 -37 -38 -39 -41 -42 -43 -44 -44 -44 -43 -44 -48 -54 -55 -55 -55 -52 -49 -47 -44 -38 -36 -36 -35 -34 -32 -31 -30 -30 -30 -30 -30 -29 -29 -29 -29 -30 -29 -30 -30 -29 -27 -25 -24
-35 -34 -34 -34 -34 -33 -33 -33 -33 -33 -33 -33 -33 -33 -33 -33 -33 -33 -32 -32 -32 -32 -32 -32 -32 -32 -34 -34 -33 -32 -31 -30 -29 -28 -27 -27 -28 -28 -28 -27 -29 -29 -27 -31 -32 -33 -34 -35 -35 -37 -39 -39 -41 -41 -43 -44 -45 -45 -44 -44 -46 -49 -50 -52 -53 -50 -48 -45 -43 -40 -36 -34 -33 -32 -31 -31 -31 -31 -30 -30 -30 -29 -29 -29 -29 -29 -30 -30 -30 -30 -28 -26 -24 -24 -23
-34 -33 -33 -33 -33 -32 -32 -32 -32 -33 -33 -33 -32 -32 -32 -32 -32 -32 -32 -32 -32 -32 -32 -31 -31 -30 -30 -31 -31 -31 -30 -30 -29 -29 -28 -28 -30 -29 -31 -30 -30 -30 -31 -32 -33 -35 -36 -36 -37 -37 -40 -41 -42 -42 -42 -42 -43 -42 -44 -46 -47 -50 -51 -48 -48 -42 -41 -40 -38 -36 -32 -31 -30 -30 -30 -30 -30 -30 -30 -30 -29 -29 -29 -29 -29 -29 -29 -30 -29 -29 -27 -24 -25 -26 -24
-33 -33 -33 -33 -33 -32 -32 -33 -33 -33 -32 -32 -32 -32 -32 -32 -32 -32 -32 -32 -31 -31 -30 -29 -29 -29 -29 -30 -30 -32 -31 -31 -31 -30 -30 -29 -32 -30 -31 -32 -32 -32 -33 -33 -34 -35 -36 -36 -39 -39 -40 -42 -41 -40 -40 -41 -42 -43 -45 -48 -50 -48 -49 -48 -43 -40 -37 -36 -34 -34 -31 -30 -29 -28 -29 -29 -29 -29 -29 -29 -29 -30 -29 -29 -29 -30 -30 -30 -29 -27 -26 -25 -24 -23 -21
-33 -33 -33 -32 -32 -32 -32 -32 -32 -32 -32 -32 -32 -32 -32 -32 -32 -32 -31 -31 -30 -30 -29 -30 -30 -30 -30 -31 -31 -31 -31 -32 -32 -32 -32 -32 -32 -32 -32 -33 -33 -33 -33 -33 -34 -35 -36 -35 -38 -39 -39 -40 -40 -39 -37 -41 -40 -45 -45 -49 -49 -48 -45 -44 -40 -36 -34 -34 -32 -31 -31 -30 -29 -28 -29 -28 -28 -28 -29 -30 -30 -29 -29 -30 -29 -29 -29 -27 -25 -24 -22 -23 -22 -21 -19
-33 -33 -33 -33 -33 -33 -33 -33 -33 -32 -32 -32 -32 -32 -32 -32 -31 -31 -31 -31 -31 -31 -31 -31 -31 -32 -32 -33 -33 -33 -32 -32 -32 -32 -32 -32 -32 -32 -32 -33 -33 -32 -33 -34 -33 -34 -36 -37 -37 -40 -41 -40 -38 -36 -36 -40 -42 -43 -45 -46 -47 -46 -42 -38 -36 -34 -31 -32 -32 -32 -33 -33 -31 -28 -28 -29 -28 -28 -29 -30 -30 -31 -30 -30 -29 -28 -27 -26 -25 -24 -21 -19 -20 -19 -18
-34 -33 -33 -33 -33 -33 -33 -33 -33 -33 -33 -32 -32 -32 -32 -31 -32 -32 -32 -32 -32 -32 -32 -32 -33 -33 -33 -33 -33 -33 -33 -33 -33 -32 -32 -32 -32 -32 -32 -33 -32 -33 -34 -34 -35 -35 -36 -37 -38 -40 -39 -37 -35 -35 -35 -39 -44 -43 -45 -44 -42 -41 -39 -34 -33 -32 -31 -32 -33 -32 -32 -32 -31 -29 -27 -27 -29 -29 -31 -33 -34 -33 -31 -30 -29 -28 -28 -26 -22 -21 -21 -19 -17 -16 -17
-34 -34 -34 -34 -34 -34 -34 -33 -33 -33 -32 -32 -32 -32 -33 -33 -33 -34 -34 -34 -33 -33 -34 -34 -34 -34 -34 -34 -33 -33 -33 -33 -33 -33 -33 -33 -33 -33 -32 -33 -32 -34 -34 -35 -36 -37 -38 -38 -38 -37 -36 -35 -33 -33 -35 -35 -40 -40 -38 -39 -38 -36 -36 -34 -33 -31 -31 -30 -31 -32 -30 -32 -32 -28 -26 -29 -30 -31 -34 -34 -33 -32 -29 -26 -24 -23 -22 -21 -18 -17 -17 -16 -16 -17 -17
-35 -34 -34 -34 -34 -34 -34 -34 -34 -33 -33 -33 -34 -34 -34 -35 -35 -35 -35 -34 -34 -34 -34 -34 -34 -34 -33 -33 -33 -32 -32 -32 -32 -32 -32 -33 -34 -34 -34 -34 -34 -36 -36 -36 -37 -38 -38 -37 -36 -34 -33 -36 -35 -32 -35 -35 -35 -36 -35 -33 -32 -32 -31 -32 -32 -32 -31 -31 -32 -31 -31 -29 -32 -28 -24 -30 -31 -33 -35 -35 -33 -29 -26 -24 -24 -24 -21 -20 -20 -19 -19 -18 -17 -17 -18
-35 -35 -35 -35 -35 -35 -35 -35 -35 -35 -35 -35 -35 -35 -35 -35 -35 -35 -35 -35 -35 -34 -34 -34 -33 -33 -32 -32 -32 -32 -32 -32 -32 -31 -31 -32 -33 -34 -34 -35 -36 -37 -37 -37 -37 -37 -36 -36 -34 -33 -33 -36 -35 -34 -32 -33 -30 -29 -29 -30 -30 -30 -31 -31 -32 -33 -33 -32 -30 -30 -29 -28 -28 -27 -24 -31 -32 -32 -34 -32 -30 -27 -25 -25 -24 -23 -22 -20 -18 -17 -16 -16 -17 -18 -17
-36 -36 -35 -35 -35 -35 -35 -34 -34 -34 -35 -35 -35 -35 -35 -35 -35 -34 -34 -34 -34 -34 -33 -33 -33 -32 -32 -32 -32 -32 -32 -31 -31 -31 -30 -32 -34 -35 -36 -36 -37 -37 -36 -36 -36 -36 -36 -34 -33 -34 -34 -34 -33 -34 -31 -30 -31 -30 -30 -31 -32 -31 -32 -32 -32 -32 -32 -30 -29 -28 -27 -26 -26 -25 -24 -31 -31 -31 -31 -30 -28 -26 -25 -24 -22 -20 -19 -18 -17 -17 -17 -16 -17 -16 -16
